 Bi-209    3.067E-09  8.718E-10  83 209
H Table: (M=5.0,Z=0.02)
 #H Lifetime: 1.169E+08
 #H Mfinal: 8.768E-01
 Isotopes  Yields     X0         Z  A  
 H-1       2.622E+00  7.064E-01  1  1  
 H-2       9.145E-07  1.371E-05  1  2  
 He-3      2.491E-04  4.540E-05  2  3  
 He-4      1.397E+00  2.735E-01  2  4  
 Li-7      7.894E-11  7.605E-11  3  7  
 B-11      1.178E-08  2.856E-09  5  11 
 C-12      2.268E-02  3.425E-03  6  12 
 C-13      6.674E-04  4.156E-05  6  13 
 N-14      1.677E-02  1.059E-03  7  14 
 N-15      5.176E-06  4.171E-06  7  15 
 O-16      3.911E-02  9.624E-03  8  16 
 O-17      6.192E-05  3.813E-06  8  17 
 O-18      5.157E-05  2.171E-05  8  18 
 F-19      2.085E-06  5.611E-07  9  19 
 Ne-20     7.611E-03  1.818E-03  10 20 
 Ne-21     3.023E-05  4.575E-06  10 21 
 Ne-22     9.172E-04  1.470E-04  10 22 
 Na-23     2.854E-04  4.000E-05  11 23 
 Mg-24     2.408E-03  5.862E-04  12 24 
 Mg-25     4.709E-04  7.733E-05  12 25 
 Mg-26     8.342E-04  8.848E-05  12 26 
 Al-27     2.850E-04  6.481E-05  13 27 
 Si-28     3.079E-03  7.453E-04  14 28 
 Si-29     1.643E-04  3.919E-05  14 29 
 Si-30     1.181E-04  2.673E-05  14 30 
 P-31      3.121E-05  7.106E-06  15 31 
 Pb-206    1.322E-08  2.798E-09  82 206
 Pb-207    1.442E-08  3.090E-09  82 207
 S-32      1.648E-03  4.011E-04  16 32 
 S-33      1.361E-05  3.265E-06  16 33 
 S-34      7.912E-05  1.890E-05  16 34 
 S-36      5.384E-07  8.073E-08  16 36 
 Cl-35     2.798E-05  6.821E-06  17 35 
 Cl-37     1.043E-05  2.306E-06  17 37 
 Ar-36     3.362E-04  8.202E-05  18 36 
 Ar-38     6.568E-05  1.574E-05  18 38 
 Ar-40     2.420E-07  2.650E-08  18 40 
 K-39      1.622E-05  3.900E-06  19 39 
 K-40      2.336E-08  5.005E-10  19 40 
 K-41      1.305E-06  2.959E-07  19 41 
 Ca-40     2.965E-04  7.225E-05  20 40 
 Ca-42     2.195E-06  5.063E-07  20 42 
 Ca-43     4.771E-07  1.082E-07  20 43 
 Ca-44     7.127E-06  1.710E-06  20 44 
 Ca-46     4.390E-08  3.428E-09  20 46 
 Ca-48     6.890E-07  1.672E-07  20 48 
 Sc-45     2.558E-07  5.414E-08  21 45 
 Ti-46     1.342E-06  3.232E-07  22 46 
 Ti-47     1.228E-06  2.977E-07  22 47 
 Ti-48     1.234E-05  3.014E-06  22 48 
 Ti-49     9.736E-07  2.257E-07  22 49 
 Ti-50     1.031E-06  2.208E-07  22 50 
 V-50      4.149E-09  1.015E-09  23 50 
 V-51      1.703E-06  4.138E-07  23 51 
 Cr-50     3.377E-06  8.265E-07  24 50 
 Cr-52     6.800E-05  1.658E-05  24 52 
 Cr-53     7.869E-06  1.916E-06  24 53 
 Cr-54     2.249E-06  4.858E-07  24 54 
 Mn-55     4.512E-05  1.098E-05  25 55 
 Fe-54     3.319E-04  8.118E-05  26 54 
 Fe-56     5.416E-03  1.322E-03  26 56 
 Fe-57     1.316E-04  3.107E-05  26 57 
 Fe-58     2.960E-05  4.207E-06  26 58 
 Co-59     2.047E-05  3.991E-06  27 59 
 Ni-58     2.334E-04  5.711E-05  28 58 
 Ni-60     9.821E-05  2.276E-05  28 60 
 Ni-61     5.445E-06  1.006E-06  28 61 
 Ni-62     1.669E-05  3.259E-06  28 62 
 Ni-64     7.491E-06  8.568E-07  28 64 
 Cu-63     4.955E-06  6.600E-07  29 63 
 Cu-65     2.306E-06  3.035E-07  29 65 
 Zn-64     4.739E-06  1.131E-06  30 64 
 Zn-66     3.663E-06  6.690E-07  30 66 
 Zn-67     6.191E-07  9.980E-08  30 67 
 Zn-68     3.207E-06  4.632E-07  30 68 
 Zn-70     7.244E-08  1.577E-08  30 70 
 Ga-69     3.672E-07  4.551E-08  31 69 
 Ga-71     2.379E-07  3.108E-08  31 71 
 Ge-70     4.759E-07  5.157E-08  32 70 
 Ge-72     5.563E-07  6.910E-08  32 72 
 Ge-73     1.619E-07  1.955E-08  32 73 
 Ge-74     8.440E-07  9.228E-08  32 74 
 Ge-76     9.115E-08  1.963E-08  32 76 
 As-75     1.062E-07  1.430E-08  33 75 
 Se-74     4.892E-09  1.198E-09  34 74 
 Se-76     1.570E-07  1.296E-08  34 76 
 Se-77     8.474E-08  1.070E-08  34 77 
 Se-78     3.940E-07  3.376E-08  34 78 
 Se-80     5.870E-07  7.226E-08  34 80 
 Se-82     5.656E-08  1.304E-08  34 82 
 Br-79     1.114E-07  1.389E-08  35 79 
 Br-81     1.099E-07  1.386E-08  35 81 
 Kr-78     1.593E-09  3.900E-10  36 78 
 Kr-80     1.468E-08  2.575E-09  36 80 
 Kr-82     1.739E-07  1.320E-08  36 82 
 Kr-83     9.743E-08  1.324E-08  36 83 
 Kr-84     5.510E-07  6.602E-08  36 84 
 Kr-86     4.266E-07  2.044E-08  36 86 
 Rb-85     1.534E-07  1.282E-08  37 85 
 Rb-87     1.925E-07  5.063E-09  37 87 
 Sr-84     1.318E-09  3.228E-10  38 84 
 Sr-86     6.897E-08  5.845E-09  38 86 
 Sr-87     3.845E-08  4.443E-09  38 87 
 Sr-88     5.907E-07  5.011E-08  38 88 
 Y-89      1.491E-07  1.229E-08  39 89 
 Zr-90     1.226E-07  1.534E-08  40 90 
 Zr-91     3.332E-08  3.384E-09  40 91 
 Zr-92     5.978E-08  5.227E-09  40 92 
 Zr-94     4.937E-08  5.413E-09  40 94 
 Zr-96     3.680E-08  8.903E-10  40 96 
 Nb-93     1.898E-08  1.900E-09  41 93 
 Mo-92     4.136E-09  1.012E-09  42 92 
 Mo-94     2.640E-09  6.448E-10  42 94 
 Mo-95     9.913E-09  1.122E-09  42 95 
 Mo-96     1.097E-08  1.188E-09  42 96 
 Mo-97     5.333E-09  6.875E-10  42 97 
 Mo-98     1.375E-08  1.754E-09  42 98 
 Mo-100    3.670E-09  7.146E-10  42 100
 Ru-96     1.195E-09  2.926E-10  44 96 
 Ru-98     4.114E-10  1.007E-10  44 98 
 Ru-99     3.733E-09  6.945E-10  44 99 
 Ru-100    5.378E-09  6.928E-10  44 100
 Ru-101    4.470E-09  9.475E-10  44 101
 Ru-102    1.068E-08  1.770E-09  44 102
 Ru-104    4.847E-09  1.065E-09  44 104
 Rh-103    4.919E-09  1.055E-09  45 103
 Pd-102    1.732E-10  4.241E-11  46 102
 Pd-104    3.497E-09  4.723E-10  46 104
 Pd-105    4.358E-09  9.558E-10  46 105
 Pd-106    6.838E-09  1.181E-09  46 106
 Pd-108    7.155E-09  1.165E-09  46 108
 Pd-110    2.632E-09  5.255E-10  46 110
 Ag-107    3.586E-09  7.840E-10  47 107
 Ag-109    3.743E-09  7.420E-10  47 109
 Cd-106    2.591E-10  6.346E-11  48 106
 Cd-108    1.911E-10  4.604E-11  48 108
 Cd-110    4.473E-09  6.580E-10  48 110
 Cd-111    3.444E-09  6.805E-10  48 111
 Cd-112    7.819E-09  1.294E-09  48 112
 Cd-113    3.424E-09  6.614E-10  48 113
 Cd-114    9.944E-09  1.569E-09  48 114
 Cd-116    3.125E-09  4.161E-10  48 116
 In-113    1.064E-10  2.604E-11  49 113
 In-115    3.144E-09  5.915E-10  49 115
 Sn-112    4.987E-10  1.221E-10  50 112
 Sn-114    3.447E-10  8.435E-11  50 114
 Sn-115    1.789E-10  4.377E-11  50 115
 Sn-116    1.135E-08  1.893E-09  50 116
 Sn-117    5.527E-09  1.008E-09  50 117
 Sn-118    1.952E-08  3.209E-09  50 118
 Sn-119    6.550E-09  1.147E-09  50 119
 Sn-120    2.673E-08  4.391E-09  50 120
 Sn-122    6.393E-09  6.341E-10  50 122
 Sn-124    3.669E-09  8.060E-10  50 124
 Sb-121    3.318E-09  6.318E-10  51 121
 Sb-123    2.373E-09  4.803E-10  51 123
 Te-120    6.647E-11  1.628E-11  52 120
 Te-122    2.814E-09  4.489E-10  52 122
 Te-123    9.654E-10  1.579E-10  52 123
 Te-124    5.670E-09  8.441E-10  52 124
 Te-125    5.875E-09  1.261E-09  52 125
 Te-126    1.731E-08  3.375E-09  52 126
 Te-128    2.426E-08  5.733E-09  52 128
 Te-130    2.552E-08  6.211E-09  52 130
 I-127     6.418E-09  1.459E-09  53 127
 Xe-124    9.018E-11  2.210E-11  54 124
 Xe-126    7.959E-11  1.949E-11  54 126
 Xe-128    2.595E-09  3.943E-10  54 128
 Xe-129    2.044E-08  4.893E-09  54 129
 Xe-130    5.185E-09  7.865E-10  54 130
 Xe-131    1.685E-08  3.945E-09  54 131
 Xe-132    2.303E-08  4.806E-09  54 132
 Xe-134    9.417E-09  1.788E-09  54 134
 Xe-136    6.348E-09  1.478E-09  54 136
 Cs-133    6.332E-09  1.426E-09  55 133
 Ba-130    7.405E-11  1.814E-11  56 130
 Ba-132    7.195E-11  1.762E-11  56 132
 Ba-134    2.633E-09  4.272E-10  56 134
 Ba-135    5.759E-09  1.174E-09  56 135
 Ba-136    8.266E-09  1.409E-09  56 136
 Ba-137    1.186E-08  2.030E-09  56 137
 Ba-138    7.083E-08  1.305E-08  56 138
 La-138    6.548E-12  1.604E-12  57 138
 La-139    9.258E-09  1.790E-09  57 139
 Ce-136    3.422E-11  8.382E-12  58 136
 Ce-138    4.688E-11  1.148E-11  58 138
 Ce-140    2.014E-08  4.103E-09  58 140
 Ce-142    2.780E-09  5.229E-10  58 142
 Pr-141    3.259E-09  6.910E-10  59 141
 Nd-142    4.639E-09  9.920E-10  60 142
 Nd-143    2.007E-09  4.484E-10  60 143
 Nd-144    4.214E-09  8.826E-10  60 144
 Nd-145    1.378E-09  3.095E-10  60 145
 Nd-146    3.133E-09  6.448E-10  60 146
 Nd-148    1.014E-09  2.185E-10  60 148
 Nd-150    8.896E-10  2.168E-10  60 150
 Sm-144    1.505E-10  3.684E-11  62 144
 Sm-147    8.113E-10  1.834E-10  62 147
 Sm-148    6.437E-10  1.385E-10  62 148
 Sm-149    7.217E-10  1.714E-10  62 149
 Sm-150    4.742E-10  9.213E-11  62 150
 Sm-152    1.470E-09  3.383E-10  62 152
 Sm-154    1.241E-09  2.916E-10  62 154
 Eu-151    8.433E-10  2.036E-10  63 151
 Eu-153    9.358E-10  2.252E-10  63 153
 Gd-152    1.592E-11  2.947E-12  64 152
 Gd-154    1.657E-10  3.210E-11  64 154
 Gd-155    9.168E-10  2.192E-10  64 155
 Gd-156    1.322E-09  3.051E-10  64 156
 Gd-157    9.938E-10  2.348E-10  64 157
 Gd-158    1.665E-09  3.750E-10  64 158
 Gd-160    1.407E-09  3.343E-10  64 160
 Tb-159    1.159E-09  2.765E-10  65 159
 Dy-156    4.091E-12  1.004E-12  66 156
 Dy-158    7.111E-12  1.743E-12  66 158
 Dy-160    2.193E-10  4.301E-11  66 160
 Dy-161    1.453E-09  3.498E-10  66 161
 Dy-162    2.043E-09  4.748E-10  66 162
 Dy-163    1.947E-09  4.663E-10  66 163
 Dy-164    2.368E-09  5.312E-10  66 164
 Ho-165    3.537E-09  8.488E-10  67 165
 Er-162    6.557E-12  1.609E-12  68 162
 Er-164    7.802E-11  1.913E-11  68 164
 Er-166    1.708E-09  4.044E-10  68 166
 Er-167    1.161E-09  2.776E-10  68 167
 Er-168    1.451E-09  3.263E-10  68 168
 Er-170    8.367E-10  1.840E-10  68 170
 Tm-169    7.832E-10  1.854E-10  69 169
 Yb-168    6.457E-12  1.583E-12  70 168
 Yb-170    1.835E-10  3.746E-11  70 170
 Yb-171    7.814E-10  1.770E-10  70 171
 Yb-172    1.229E-09  2.722E-10  70 172
 Yb-173    8.873E-10  2.023E-10  70 173
 Yb-174    1.904E-09  4.015E-10  70 174
 Yb-176    7.379E-10  1.628E-10  70 176
 Lu-175    7.846E-10  1.828E-10  71 175
 Lu-176    2.186E-10  4.524E-11  71 176
 Hf-174    5.023E-12  1.231E-12  72 174
 Hf-176    1.793E-10  4.036E-11  72 176
 Hf-177    6.224E-10  1.438E-10  72 177
 Hf-178    1.012E-09  2.121E-10  72 178
 Hf-179    4.866E-10  1.065E-10  72 179
 Hf-180    1.396E-09  2.767E-10  72 180
 Ta-180    9.953E-14  2.429E-14  73 180
 Ta-181    8.687E-10  1.986E-10  73 181
 W-180     3.478E-12  8.395E-13  74 180
 W-182     8.781E-10  1.877E-10  74 182
 W-183     4.871E-10  1.020E-10  74 183
 W-184     1.067E-09  2.195E-10  74 184
 W-186     9.356E-10  2.058E-10  74 186
 Re-185    4.708E-10  1.048E-10  75 185
 Re-187    7.497E-10  1.773E-10  75 187
 Os-184    2.901E-12  7.108E-13  76 184
 Os-186    2.852E-10  5.778E-11  76 186
 Os-187    2.573E-10  5.998E-11  76 187
 Os-188    2.128E-09  4.874E-10  76 188
 Os-189    2.467E-09  5.974E-10  76 189
 Os-190    4.145E-09  9.766E-10  76 190
 Os-192    6.366E-09  1.533E-09  76 192
 Ir-191    5.562E-09  1.357E-09  77 191
 Ir-193    9.461E-09  2.308E-09  77 193
 Pt-190    4.117E-12  1.008E-12  78 190
 Pt-192    2.798E-10  5.850E-11  78 192
 Pt-194    1.033E-08  2.490E-09  78 194
 Pt-195    1.054E-08  2.568E-09  78 195
 Pt-196    8.125E-09  1.926E-09  78 196
 Pt-198    2.294E-09  5.522E-10  78 198
 Au-197    4.500E-09  1.083E-09  79 197
 Hg-196    1.229E-11  3.009E-12  80 196
 Hg-198    1.010E-09  1.975E-10  80 198
 Hg-199    1.474E-09  3.360E-10  80 199
 Hg-200    2.203E-09  4.622E-10  80 200
 Hg-201    1.223E-09  2.651E-10  80 201
 Hg-202    2.993E-09  6.036E-10  80 202
 Hg-204    6.135E-10  1.401E-10  80 204
 Tl-203    1.574E-09  3.221E-10  81 203
 Tl-205    3.584E-09  7.764E-10  81 205
 Pb-204    1.507E-09  2.931E-10  82 204
 Pb-208    3.959E-08  8.850E-09  82 208
 Bi-209    3.704E-09  8.718E-10  83 209