H Table: (M=7.0,Z=0.02)
 #H Lifetime: 5.211E+07
 #H Mfinal: 1.066E+00
 Isotopes  Yields     X0         Z  A  
 H-1       3.568E+00  7.064E-01  1  1  
 H-2       1.335E-07  1.371E-05  1  2  
 He-3      1.066E-05  4.540E-05  2  3  
 He-4      2.239E+00  2.735E-01  2  4  
 Li-7      5.017E-08  7.774E-10  3  7  
 B-11      1.695E-08  2.856E-09  5  11 
 C-12      1.975E-03  3.425E-03  6  12 
 C-13      4.870E-04  4.156E-05  6  13 
 N-14      4.746E-02  1.059E-03  7  14 
 N-15      4.344E-06  4.171E-06  7  15 
 O-16      4.183E-02  9.624E-03  8  16 
 O-17      3.109E-04  3.813E-06  8  17 
 O-18      3.475E-06  2.171E-05  8  18 
 F-19      1.784E-07  5.611E-07  9  19 
 Ne-20     1.107E-02  1.818E-03  10 20 
 Ne-21     1.385E-06  4.575E-06  10 21 
 Ne-22     7.873E-04  1.470E-04  10 22 
 Na-23     2.339E-04  4.000E-05  11 23 
 Mg-24     2.094E-03  5.862E-04  12 24 
 Mg-25     2.116E-03  7.733E-05  12 25 
 Mg-26     7.699E-04  8.848E-05  12 26 
 Al-27     4.029E-04  6.481E-05  13 27 
 Si-28     4.438E-03  7.453E-04  14 28 
 Si-29     2.343E-04  3.919E-05  14 29 
 Si-30     1.621E-04  2.673E-05  14 30 
 P-31      4.300E-05  7.106E-06  15 31 
 Pb-206    1.681E-08  2.798E-09  82 206
 Pb-207    1.854E-08  3.090E-09  82 207
 S-32      2.378E-03  4.011E-04  16 32 
 S-33      1.943E-05  3.265E-06  16 33 
 S-34      1.126E-04  1.890E-05  16 34 
 S-36      5.558E-07  8.073E-08  16 36 
 Cl-35     4.041E-05  6.821E-06  17 35 
 Cl-37     1.432E-05  2.306E-06  17 37 
 Ar-36     4.858E-04  8.202E-05  18 36 
 Ar-38     9.367E-05  1.574E-05  18 38 
 Ar-40     2.135E-07  2.650E-08  18 40 
 K-39      2.320E-05  3.900E-06  19 39 
 K-40      2.424E-08  5.005E-10  19 40 
 K-41      1.922E-06  2.959E-07  19 41 
 Ca-40     4.281E-04  7.225E-05  20 40 
 Ca-42     3.044E-06  5.063E-07  20 42 
 Ca-43     6.514E-07  1.082E-07  20 43 
 Ca-44     1.017E-05  1.710E-06  20 44 
 Ca-46     3.469E-08  3.428E-09  20 46 
 Ca-48     9.923E-07  1.672E-07  20 48 
 Sc-45     3.364E-07  5.414E-08  21 45 
 Ti-46     1.919E-06  3.232E-07  22 46 
 Ti-47     1.759E-06  2.977E-07  22 47 
 Ti-48     1.784E-05  3.014E-06  22 48 
 Ti-49     1.380E-06  2.257E-07  22 49 
 Ti-50     1.351E-06  2.208E-07  22 50 
 V-50      5.982E-09  1.015E-09  23 50 
 V-51      2.467E-06  4.138E-07  23 51 
 Cr-50     4.869E-06  8.265E-07  24 50 
 Cr-52     9.824E-05  1.658E-05  24 52 
 Cr-53     1.130E-05  1.916E-06  24 53 
 Cr-54     3.056E-06  4.858E-07  24 54 
 Mn-55     6.622E-05  1.098E-05  25 55 
 Fe-54     4.793E-04  8.118E-05  26 54 
 Fe-56     7.829E-03  1.322E-03  26 56 
 Fe-57     1.875E-04  3.107E-05  26 57 
 Fe-58     2.960E-05  4.207E-06  26 58 
 Co-59     2.553E-05  3.991E-06  27 59 
 Ni-58     3.378E-04  5.711E-05  28 58 
 Ni-60     1.367E-04  2.276E-05  28 60 
 Ni-61     6.609E-06  1.006E-06  28 61 
 Ni-62     2.033E-05  3.259E-06  28 62 
 Ni-64     6.542E-06  8.568E-07  28 64 
 Cu-63     4.706E-06  6.600E-07  29 63 
 Cu-65     2.184E-06  3.035E-07  29 65 
 Zn-64     6.705E-06  1.131E-06  30 64 
 Zn-66     4.258E-06  6.690E-07  30 66 
 Zn-67     6.613E-07  9.980E-08  30 67 
 Zn-68     3.180E-06  4.632E-07  30 68 
 Zn-70     9.675E-08  1.577E-08  30 70 
 Ga-69     3.322E-07  4.551E-08  31 69 
 Ga-71     2.167E-07  3.108E-08  31 71 
 Ge-70     3.938E-07  5.157E-08  32 70 
 Ge-72     5.018E-07  6.910E-08  32 72 
 Ge-73     1.438E-07  1.955E-08  32 73 
 Ge-74     7.018E-07  9.228E-08  32 74 
 Ge-76     1.206E-07  1.963E-08  32 76 
 As-75     1.000E-07  1.430E-08  33 75 
 Se-74     6.985E-09  1.198E-09  34 74 
 Se-76     1.123E-07  1.296E-08  34 76 
 Se-77     7.652E-08  1.070E-08  34 77 
 Se-78     2.848E-07  3.376E-08  34 78 
 Se-80     5.230E-07  7.226E-08  34 80 
 Se-82     7.853E-08  1.304E-08  34 82 
 Br-79     9.827E-08  1.389E-08  35 79 
 Br-81     1.003E-07  1.386E-08  35 81 
 Kr-78     2.287E-09  3.900E-10  36 78 
 Kr-80     1.885E-08  2.575E-09  36 80 
 Kr-82     1.188E-07  1.320E-08  36 82 
 Kr-83     9.205E-08  1.324E-08  36 83 
 Kr-84     4.798E-07  6.602E-08  36 84 
 Kr-86     2.272E-07  2.044E-08  36 86 
 Rb-85     1.081E-07  1.282E-08  37 85 
 Rb-87     8.311E-08  5.063E-09  37 87 
 Sr-84     1.875E-09  3.228E-10  38 84 
 Sr-86     4.763E-08  5.845E-09  38 86 
 Sr-87     3.108E-08  4.443E-09  38 87 
 Sr-88     3.822E-07  5.011E-08  38 88 
 Y-89      9.277E-08  1.229E-08  39 89 
 Zr-90     1.023E-07  1.534E-08  40 90 
 Zr-91     2.357E-08  3.384E-09  40 91 
 Zr-92     3.750E-08  5.227E-09  40 92 
 Zr-94     3.638E-08  5.413E-09  40 94 
 Zr-96     1.115E-08  8.903E-10  40 96 
 Nb-93     1.306E-08  1.900E-09  41 93 
 Mo-92     5.957E-09  1.012E-09  42 92 
 Mo-94     3.995E-09  6.448E-10  42 94 
 Mo-95     7.582E-09  1.122E-09  42 95 
 Mo-96     8.000E-09  1.188E-09  42 96 
 Mo-97     4.448E-09  6.875E-10  42 97 
 Mo-98     1.136E-08  1.754E-09  42 98 
 Mo-100    4.297E-09  7.146E-10  42 100
 Ru-96     1.714E-09  2.926E-10  44 96 
 Ru-98     5.954E-10  1.007E-10  44 98 
 Ru-99     4.194E-09  6.945E-10  44 99 
 Ru-100    4.537E-09  6.928E-10  44 100
 Ru-101    5.546E-09  9.475E-10  44 101
 Ru-102    1.107E-08  1.770E-09  44 102
 Ru-104    6.305E-09  1.065E-09  44 104
 Rh-103    6.217E-09  1.055E-09  45 103
 Pd-102    2.463E-10  4.241E-11  46 102
 Pd-104    3.185E-09  4.723E-10  46 104
 Pd-105    5.593E-09  9.558E-10  46 105
 Pd-106    7.393E-09  1.181E-09  46 106
 Pd-108    7.192E-09  1.165E-09  46 108
 Pd-110    3.138E-09  5.255E-10  46 110
 Ag-107    4.642E-09  7.840E-10  47 107
 Ag-109    4.431E-09  7.420E-10  47 109
 Cd-106    3.698E-10  6.346E-11  48 106
 Cd-108    3.864E-10  4.604E-11  48 108
 Cd-110    4.208E-09  6.580E-10  48 110
 Cd-111    4.070E-09  6.805E-10  48 111
 Cd-112    8.001E-09  1.294E-09  48 112
 Cd-113    3.968E-09  6.614E-10  48 113
 Cd-114    9.726E-09  1.569E-09  48 114
 Cd-116    2.608E-09  4.161E-10  48 116
 In-113    1.537E-10  2.604E-11  49 113
 In-115    3.538E-09  5.915E-10  49 115
 Sn-112    7.145E-10  1.221E-10  50 112
 Sn-114    5.032E-10  8.435E-11  50 114
 Sn-115    2.595E-10  4.377E-11  50 115
 Sn-116    1.164E-08  1.893E-09  50 116
 Sn-117    6.100E-09  1.008E-09  50 117
 Sn-118    1.967E-08  3.209E-09  50 118
 Sn-119    6.984E-09  1.147E-09  50 119
 Sn-120    2.689E-08  4.391E-09  50 120
 Sn-122    4.172E-09  6.341E-10  50 122
 Sn-124    4.814E-09  8.060E-10  50 124
 Sb-121    3.786E-09  6.318E-10  51 121
 Sb-123    2.843E-09  4.803E-10  51 123
 Te-120    9.406E-11  1.628E-11  52 120
 Te-122    2.803E-09  4.489E-10  52 122
 Te-123    9.807E-10  1.579E-10  52 123
 Te-124    5.265E-09  8.441E-10  52 124
 Te-125    7.423E-09  1.261E-09  52 125
 Te-126    2.040E-08  3.375E-09  52 126
 Te-128    3.397E-08  5.733E-09  52 128
 Te-130    3.677E-08  6.211E-09  52 130
 I-127     8.519E-09  1.459E-09  53 127
 Xe-124    1.269E-10  2.210E-11  54 124
 Xe-126    1.132E-10  1.949E-11  54 126
 Xe-128    2.643E-09  3.943E-10  54 128
 Xe-129    2.835E-08  4.893E-09  54 129
 Xe-130    5.581E-09  7.865E-10  54 130
 Xe-131    2.305E-08  3.945E-09  54 131
 Xe-132    2.915E-08  4.806E-09  54 132
 Xe-134    1.080E-08  1.788E-09  54 134
 Xe-136    8.805E-09  1.478E-09  54 136
 Cs-133    8.381E-09  1.426E-09  55 133
 Ba-130    1.042E-10  1.814E-11  56 130
 Ba-132    1.023E-10  1.762E-11  56 132
 Ba-134    2.829E-09  4.272E-10  56 134
 Ba-135    6.922E-09  1.174E-09  56 135
 Ba-136    8.703E-09  1.409E-09  56 136
 Ba-137    1.250E-08  2.030E-09  56 137
 Ba-138    7.889E-08  1.305E-08  56 138
 La-138    8.690E-12  1.604E-12  57 138
 La-139    1.078E-08  1.790E-09  57 139
 Ce-136    4.867E-11  8.382E-12  58 136
 Ce-138    6.767E-11  1.148E-11  58 138
 Ce-140    2.462E-08  4.103E-09  58 140
 Ce-142    3.175E-09  5.229E-10  58 142
 Pr-141    4.111E-09  6.910E-10  59 141
 Nd-142    5.946E-09  9.920E-10  60 142
 Nd-143    2.641E-09  4.484E-10  60 143
 Nd-144    5.315E-09  8.826E-10  60 144
 Nd-145    1.821E-09  3.095E-10  60 145
 Nd-146    3.908E-09  6.448E-10  60 146
 Nd-148    1.295E-09  2.185E-10  60 148
 Nd-150    1.268E-09  2.168E-10  60 150
 Sm-144    2.169E-10  3.684E-11  62 144
 Sm-147    1.061E-09  1.834E-10  62 147
 Sm-148    8.636E-10  1.385E-10  62 148
 Sm-149    9.753E-10  1.714E-10  62 149
 Sm-150    5.984E-10  9.213E-11  62 150
 Sm-152    1.982E-09  3.383E-10  62 152
 Sm-154    1.710E-09  2.916E-10  62 154
 Eu-151    1.148E-09  2.036E-10  63 151
 Eu-153    1.293E-09  2.252E-10  63 153
 Gd-152    5.382E-11  2.947E-12  64 152
 Gd-154    2.612E-10  3.210E-11  64 154
 Gd-155    1.264E-09  2.192E-10  64 155
 Gd-156    1.857E-09  3.051E-10  64 156
 Gd-157    1.374E-09  2.348E-10  64 157
 Gd-158    2.295E-09  3.750E-10  64 158
 Gd-160    1.961E-09  3.343E-10  64 160
 Tb-159    1.593E-09  2.765E-10  65 159
 Dy-156    5.667E-12  1.004E-12  66 156
 Dy-158    9.898E-12  1.743E-12  66 158
 Dy-160    3.144E-10  4.301E-11  66 160
 Dy-161    2.000E-09  3.498E-10  66 161
 Dy-162    2.874E-09  4.748E-10  66 162
 Dy-163    2.682E-09  4.663E-10  66 163
 Dy-164    3.241E-09  5.312E-10  66 164
 Ho-165    4.918E-09  8.488E-10  67 165
 Er-162    9.076E-12  1.609E-12  68 162
 Er-164    1.368E-10  1.913E-11  68 164
 Er-166    2.450E-09  4.044E-10  68 166
 Er-167    1.617E-09  2.776E-10  68 167
 Er-168    2.026E-09  3.263E-10  68 168
 Er-170    1.086E-09  1.840E-10  68 170
 Tm-169    1.078E-09  1.854E-10  69 169
 Yb-168    8.992E-12  1.583E-12  70 168
 Yb-170    2.724E-10  3.746E-11  70 170
 Yb-171    1.041E-09  1.770E-10  70 171
 Yb-172    1.653E-09  2.722E-10  70 172
 Yb-173    1.190E-09  2.023E-10  70 173
 Yb-174    2.440E-09  4.015E-10  70 174
 Yb-176    9.911E-10  1.628E-10  70 176
 Lu-175    1.055E-09  1.828E-10  71 175
 Lu-176    2.834E-10  4.524E-11  71 176
 Hf-174    7.024E-12  1.231E-12  72 174
 Hf-176    2.510E-10  4.036E-11  72 176
 Hf-177    8.310E-10  1.438E-10  72 177
 Hf-178    1.300E-09  2.121E-10  72 178
 Hf-179    6.328E-10  1.065E-10  72 179
 Hf-180    1.690E-09  2.767E-10  72 180
 Ta-180    1.379E-13  2.429E-14  73 180
 Ta-181    1.147E-09  1.986E-10  73 181
 W-180     4.840E-12  8.395E-13  74 180
 W-182     1.153E-09  1.877E-10  74 182
 W-183     6.132E-10  1.020E-10  74 183
 W-184     1.323E-09  2.195E-10  74 184
 W-186     1.217E-09  2.058E-10  74 186
 Re-185    6.105E-10  1.048E-10  75 185
 Re-187    1.008E-09  1.773E-10  75 187
 Os-184    4.090E-12  7.108E-13  76 184
 Os-186    3.680E-10  5.778E-11  76 186
 Os-187    3.566E-10  5.998E-11  76 187
 Os-188    2.921E-09  4.874E-10  76 188
 Os-189    3.404E-09  5.974E-10  76 189
 Os-190    5.879E-09  9.766E-10  76 190
 Os-192    9.017E-09  1.533E-09  76 192
 Ir-191    7.717E-09  1.357E-09  77 191
 Ir-193    1.325E-08  2.308E-09  77 193
 Pt-190    5.823E-12  1.008E-12  78 190
 Pt-192    6.308E-10  5.850E-11  78 192
 Pt-194    1.502E-08  2.490E-09  78 194
 Pt-195    1.495E-08  2.568E-09  78 195
 Pt-196    1.193E-08  1.926E-09  78 196
 Pt-198    3.254E-09  5.522E-10  78 198
 Au-197    6.358E-09  1.083E-09  79 197
 Hg-196    1.759E-11  3.009E-12  80 196
 Hg-198    1.430E-09  1.975E-10  80 198
 Hg-199    2.012E-09  3.360E-10  80 199
 Hg-200    2.821E-09  4.622E-10  80 200
 Hg-201    1.583E-09  2.651E-10  80 201
 Hg-202    3.662E-09  6.036E-10  80 202
 Hg-204    8.351E-10  1.401E-10  80 204
 Tl-203    1.938E-09  3.221E-10  81 203
 Tl-205    4.649E-09  7.764E-10  81 205
 Pb-204    1.783E-09  2.931E-10  82 204
 Pb-208    5.291E-08  8.850E-09  82 208
 Bi-209    5.187E-09  8.718E-10  83 209