H Table: (M=25.0,Z=0.006)
#H Lifetime: 7.944E+06
#H Mfinal: 6.180E+00
 Isotopes  Yields     X0         Z  A  
 H-1       9.283E+00  7.380E-01  1  1  
 H-2       1.140E-05  1.432E-05  1  2  
 He-3      3.904E-04  4.248E-05  2  3  
 He-4      8.051E+00  2.559E-01  2  4  
 Li-7      5.602E-11  4.567E-12  3  7  
 B-11      2.677E-09  1.715E-10  5  11 
 C-12      2.231E-01  7.502E-04  6  12 
 C-13      2.233E-04  2.496E-06  6  13 
 N-14      3.295E-02  6.359E-05  7  14 
 N-15      9.696E-05  2.505E-07  7  15 
 O-16      9.071E-01  4.445E-03  8  16 
 O-17      1.370E-05  2.290E-07  8  17 
 O-18      4.588E-05  1.304E-06  8  18 
 F-19      2.475E-06  3.370E-08  9  19 
 Ne-20     2.215E-01  3.452E-04  10 20 
 Ne-21     3.363E-04  2.748E-07  10 21 
 Ne-22     6.361E-03  8.829E-06  10 22 
 Na-23     5.498E-03  2.402E-06  11 23 
 Mg-24     2.767E-02  9.070E-05  12 24 
 Mg-25     4.229E-03  4.644E-06  12 25 
 Mg-26     9.168E-03  5.314E-06  12 26 
 Al-27     1.843E-03  3.892E-06  13 27 
 Si-28     2.372E-02  9.075E-05  14 28 
 Si-29     2.881E-03  2.354E-06  14 29 
 Si-30     2.459E-03  1.605E-06  14 30 
 P-31      1.211E-03  4.268E-07  15 31 
 Pb-206    4.079E-09  1.680E-10  82 206
 Pb-207    4.246E-09  1.855E-10  82 207
 S-32      1.100E-02  6.558E-05  16 32 
 S-33      1.959E-04  1.961E-07  16 33 
 S-34      1.517E-03  1.135E-06  16 34 
 S-36      3.304E-05  4.848E-09  16 36 
 Cl-35     5.394E-04  4.096E-07  17 35 
 Cl-37     2.718E-05  1.385E-07  17 37 
 Ar-36     4.869E-04  9.828E-06  18 36 
 Ar-38     1.893E-04  9.453E-07  18 38 
 Ar-40     5.165E-06  1.592E-09  18 40 
 K-39      4.095E-05  2.342E-07  19 39 
 K-40      5.872E-07  3.006E-11  19 40 
 K-41      3.627E-06  1.777E-08  19 41 
 Ca-40     1.184E-04  7.234E-06  20 40 
 Ca-42     4.108E-06  3.041E-08  20 42 
 Ca-43     1.491E-06  6.496E-09  20 43 
 Ca-44     3.087E-06  1.027E-07  20 44 
 Ca-46     6.064E-07  2.059E-10  20 46 
 Ca-48     5.581E-07  1.004E-08  20 48 
 Sc-45     7.080E-07  3.251E-09  21 45 
 Ti-46     5.286E-07  1.941E-08  22 46 
 Ti-47     9.194E-07  1.788E-08  22 47 
 Ti-48     5.354E-06  3.226E-07  22 48 
 Ti-49     6.466E-07  1.356E-08  22 49 
 Ti-50     1.366E-06  1.326E-08  22 50 
 V-50      2.318E-09  6.098E-11  23 50 
 V-51      7.319E-07  2.485E-08  23 51 
 Cr-50     7.845E-07  4.964E-08  24 50 
 Cr-52     1.649E-05  9.954E-07  24 52 
 Cr-53     2.086E-06  1.150E-07  24 53 
 Cr-54     1.182E-06  2.917E-08  24 54 
 Mn-55     1.135E-05  6.595E-07  25 55 
 Fe-54     7.734E-05  4.875E-06  26 54 
 Fe-56     1.277E-03  7.937E-05  26 56 
 Fe-57     3.739E-05  1.866E-06  26 57 
 Fe-58     1.964E-05  2.526E-07  26 58 
 Co-59     1.425E-05  2.397E-07  27 59 
 Ni-58     5.438E-05  3.430E-06  28 58 
 Ni-60     4.669E-05  1.367E-06  28 60 
 Ni-61     1.487E-05  6.040E-08  28 61 
 Ni-62     4.976E-05  1.957E-07  28 62 
 Ni-64     3.761E-05  5.146E-08  28 64 
 Cu-63     2.337E-05  3.964E-08  29 63 
 Cu-65     1.785E-05  1.822E-08  29 65 
 Zn-64     2.487E-06  6.791E-08  30 64 
 Zn-66     1.764E-05  4.018E-08  30 66 
 Zn-67     6.767E-06  5.994E-09  30 67 
 Zn-68     1.435E-05  2.782E-08  30 68 
 Zn-70     2.805E-06  9.469E-10  30 70 
 Ga-69     5.760E-06  2.733E-09  31 69 
 Ga-71     3.000E-06  1.866E-09  31 71 
 Ge-70     2.056E-06  3.097E-09  32 70 
 Ge-72     5.954E-06  4.150E-09  32 72 
 Ge-73     1.537E-06  1.174E-09  32 73 
 Ge-74     5.085E-06  5.542E-09  32 74 
 Ge-76     1.003E-06  1.179E-09  32 76 
 As-75     1.565E-06  8.588E-10  33 75 
 Se-74     1.163E-09  7.194E-11  34 74 
 Se-76     8.181E-07  7.784E-10  34 76 
 Se-77     1.186E-06  6.429E-10  34 77 
 Se-78     4.232E-06  2.028E-09  34 78 
 Se-80     1.154E-06  4.340E-09  34 80 
 Se-82     7.491E-07  7.829E-10  34 82 
 Br-79     7.564E-07  8.343E-10  35 79 
 Br-81     5.258E-07  8.323E-10  35 81 
 Kr-78     3.646E-10  2.342E-11  36 78 
 Kr-80     3.416E-07  1.546E-10  36 80 
 Kr-82     1.294E-06  7.924E-10  36 82 
 Kr-83     9.213E-07  7.952E-10  36 83 
 Kr-84     4.207E-06  3.965E-09  36 84 
 Kr-86     1.818E-06  1.228E-09  36 86 
 Rb-85     9.553E-07  7.701E-10  37 85 
 Rb-87     3.856E-07  3.040E-10  37 87 
 Sr-84     3.014E-10  1.939E-11  38 84 
 Sr-86     1.498E-06  3.510E-10  38 86 
 Sr-87     1.056E-06  2.668E-10  38 87 
 Sr-88     8.210E-06  3.009E-09  38 88 
 Y-89      2.158E-06  7.383E-10  39 89 
 Zr-90     1.643E-06  9.214E-10  40 90 
 Zr-91     4.635E-07  2.032E-10  40 91 
 Zr-92     7.872E-07  3.139E-10  40 92 
 Zr-94     3.651E-07  3.251E-10  40 94 
 Zr-96     2.800E-07  5.347E-11  40 96 
 Nb-93     3.049E-07  1.141E-10  41 93 
 Mo-92     9.566E-10  6.080E-11  42 92 
 Mo-94     1.989E-09  3.872E-11  42 94 
 Mo-95     3.275E-07  6.737E-11  42 95 
 Mo-96     6.785E-08  7.131E-11  42 96 
 Mo-97     4.107E-08  4.129E-11  42 97 
 Mo-98     1.061E-07  1.054E-10  42 98 
 Mo-100    8.962E-09  4.291E-11  42 100
 Ru-96     2.740E-10  1.757E-11  44 96 
 Ru-98     9.610E-11  6.048E-12  44 98 
 Ru-99     1.550E-08  4.171E-11  44 99 
 Ru-100    2.936E-08  4.160E-11  44 100
 Ru-101    1.114E-08  5.690E-11  44 101
 Ru-102    6.102E-08  1.063E-10  44 102
 Ru-104    2.529E-08  6.395E-11  44 104
 Rh-103    1.208E-08  6.334E-11  45 103
 Pd-102    3.960E-11  2.547E-12  46 102
 Pd-104    1.700E-08  2.836E-11  46 104
 Pd-105    7.377E-09  5.740E-11  46 105
 Pd-106    3.138E-08  7.092E-11  46 106
 Pd-108    3.301E-08  6.996E-11  46 108
 Pd-110    1.052E-08  3.156E-11  46 110
 Ag-107    6.963E-09  4.708E-11  47 107
 Ag-109    1.713E-08  4.456E-11  47 109
 Cd-106    5.930E-11  3.811E-12  48 106
 Cd-108    1.401E-09  2.765E-12  48 108
 Cd-110    1.828E-08  3.952E-11  48 110
 Cd-111    8.527E-09  4.087E-11  48 111
 Cd-112    2.663E-08  7.773E-11  48 112
 Cd-113    6.788E-09  3.972E-11  48 113
 Cd-114    3.250E-08  9.420E-11  48 114
 Cd-116    1.109E-08  2.499E-11  48 116
 In-113    1.344E-09  1.564E-12  49 113
 In-115    7.111E-09  3.552E-11  49 115
 Sn-112    1.143E-10  7.333E-12  50 112
 Sn-114    5.654E-09  5.065E-12  50 114
 Sn-115    2.473E-09  2.629E-12  50 115
 Sn-116    3.899E-08  1.137E-10  50 116
 Sn-117    1.473E-08  6.055E-11  50 117
 Sn-118    5.754E-08  1.927E-10  50 118
 Sn-119    1.665E-08  6.888E-11  50 119
 Sn-120    7.770E-08  2.637E-10  50 120
 Sn-122    1.539E-08  3.808E-11  50 122
 Sn-124    2.043E-08  4.840E-11  50 124
 Sb-121    7.455E-09  3.794E-11  51 121
 Sb-123    3.006E-09  2.884E-11  51 123
 Te-120    1.519E-11  9.779E-13  52 120
 Te-122    6.587E-09  2.696E-11  52 122
 Te-123    2.160E-09  9.480E-12  52 123
 Te-124    1.301E-08  5.069E-11  52 124
 Te-125    6.051E-09  7.575E-11  52 125
 Te-126    3.219E-08  2.027E-10  52 126
 Te-128    8.722E-09  3.443E-10  52 128
 Te-130    8.814E-09  3.730E-10  52 130
 I-127     6.119E-09  8.763E-11  53 127
 Xe-124    2.061E-11  1.327E-12  54 124
 Xe-126    1.822E-11  1.171E-12  54 126
 Xe-128    5.412E-09  2.368E-11  54 128
 Xe-129    7.966E-09  2.938E-10  54 129
 Xe-130    1.110E-08  4.723E-11  54 130
 Xe-131    1.014E-08  2.369E-10  54 131
 Xe-132    2.836E-08  2.886E-10  54 132
 Xe-134    5.931E-09  1.074E-10  54 134
 Xe-136    8.536E-09  8.878E-11  54 136
 Cs-133    5.851E-09  8.564E-11  55 133
 Ba-130    1.692E-11  1.090E-12  56 130
 Ba-132    1.646E-11  1.058E-12  56 132
 Ba-134    5.427E-09  2.566E-11  56 134
 Ba-135    4.817E-09  7.050E-11  56 135
 Ba-136    1.526E-08  8.461E-11  56 136
 Ba-137    1.282E-08  1.219E-10  56 137
 Ba-138    7.053E-08  7.838E-10  56 138
 La-138    1.487E-12  9.633E-14  57 138
 La-139    6.314E-09  1.075E-10  57 139
 Ce-136    7.833E-12  5.034E-13  58 136
 Ce-138    1.078E-11  6.893E-13  58 138
 Ce-140    9.928E-09  2.464E-10  58 140
 Ce-142    1.186E-09  3.140E-11  58 142
 Pr-141    1.429E-09  4.150E-11  59 141
 Nd-142    1.937E-09  5.957E-11  60 142
 Nd-143    7.524E-10  2.693E-11  60 143
 Nd-144    1.770E-09  5.300E-11  60 144
 Nd-145    6.167E-10  1.859E-11  60 145
 Nd-146    1.344E-09  3.872E-11  60 146
 Nd-148    4.458E-10  1.312E-11  60 148
 Nd-150    4.151E-10  1.302E-11  60 150
 Sm-144    3.474E-11  2.212E-12  62 144
 Sm-147    5.594E-10  1.102E-11  62 147
 Sm-148    1.887E-10  8.315E-12  62 148
 Sm-149    2.847E-10  1.029E-11  62 149
 Sm-150    1.564E-10  5.533E-12  62 150
 Sm-152    7.129E-10  2.032E-11  62 152
 Sm-154    4.442E-10  1.751E-11  62 154
 Eu-151    2.999E-10  1.223E-11  63 151
 Eu-153    2.687E-10  1.352E-11  63 153
 Gd-152    4.071E-12  1.770E-13  64 152
 Gd-154    4.420E-11  1.927E-12  64 154
 Gd-155    3.069E-10  1.316E-11  64 155
 Gd-156    4.843E-10  1.832E-11  64 156
 Gd-157    2.991E-10  1.410E-11  64 157
 Gd-158    5.341E-10  2.252E-11  64 158
 Gd-160    4.368E-10  2.008E-11  64 160
 Tb-159    3.396E-10  1.660E-11  65 159
 Dy-156    9.351E-13  6.027E-14  66 156
 Dy-158    1.636E-12  1.047E-13  66 158
 Dy-160    6.040E-11  2.583E-12  66 160
 Dy-161    4.372E-10  2.101E-11  66 161
 Dy-162    6.134E-10  2.851E-11  66 162
 Dy-163    5.336E-10  2.800E-11  66 163
 Dy-164    6.963E-10  3.190E-11  66 164
 Ho-165    9.094E-10  5.097E-11  67 165
 Er-162    1.499E-12  9.662E-14  68 162
 Er-164    2.396E-11  1.149E-12  68 164
 Er-166    4.774E-10  2.429E-11  68 166
 Er-167    3.210E-10  1.667E-11  68 167
 Er-168    4.397E-10  1.959E-11  68 168
 Er-170    2.423E-10  1.105E-11  68 170
 Tm-169    2.204E-10  1.114E-11  69 169
 Yb-168    1.475E-12  9.508E-14  70 168
 Yb-170    5.058E-11  2.250E-12  70 170
 Yb-171    2.172E-10  1.063E-11  70 171
 Yb-172    3.818E-10  1.635E-11  70 172
 Yb-173    2.536E-10  1.215E-11  70 173
 Yb-174    6.223E-10  2.411E-11  70 174
 Yb-176    2.177E-10  9.777E-12  70 176
 Lu-175    2.237E-10  1.098E-11  71 175
 Lu-176    6.196E-11  2.717E-12  71 176
 Hf-174    1.148E-12  7.394E-14  72 174
 Hf-176    5.628E-11  2.424E-12  72 176
 Hf-177    1.860E-10  8.635E-12  72 177
 Hf-178    4.308E-10  1.274E-11  72 178
 Hf-179    1.424E-10  6.396E-12  72 179
 Hf-180    5.007E-10  1.662E-11  72 180
 Ta-180    4.497E-13  1.459E-15  73 180
 Ta-181    2.845E-10  1.192E-11  73 181
 W-180     3.714E-12  5.041E-14  74 180
 W-182     3.283E-10  1.128E-11  74 182
 W-183     1.874E-10  6.124E-12  74 183
 W-184     4.214E-10  1.318E-11  74 184
 W-186     2.766E-10  1.236E-11  74 186
 Re-185    1.609E-10  6.293E-12  75 185
 Re-187    2.173E-10  1.065E-11  75 187
 Os-184    6.632E-13  4.269E-14  76 184
 Os-186    7.240E-11  3.470E-12  76 186
 Os-187    5.617E-11  3.602E-12  76 187
 Os-188    5.852E-10  2.927E-11  76 188
 Os-189    6.062E-10  3.587E-11  76 189
 Os-190    1.056E-09  5.865E-11  76 190
 Os-192    1.525E-09  9.204E-11  76 192
 Ir-191    1.313E-09  8.152E-11  77 191
 Ir-193    2.201E-09  1.386E-10  77 193
 Pt-190    9.409E-13  6.056E-14  78 190
 Pt-192    6.708E-11  3.513E-12  78 192
 Pt-194    2.464E-09  1.495E-10  78 194
 Pt-195    2.473E-09  1.542E-10  78 195
 Pt-196    2.059E-09  1.157E-10  78 196
 Pt-198    6.312E-10  3.316E-11  78 198
 Au-197    1.149E-09  6.506E-11  79 197
 Hg-196    2.856E-12  1.807E-13  80 196
 Hg-198    3.262E-10  1.186E-11  80 198
 Hg-199    4.690E-10  2.018E-11  80 199
 Hg-200    7.748E-10  2.776E-11  80 200
 Hg-201    4.169E-10  1.592E-11  80 201
 Hg-202    1.051E-09  3.625E-11  80 202
 Hg-204    7.661E-10  8.416E-12  80 204
 Tl-203    5.911E-10  1.934E-11  81 203
 Tl-205    1.037E-09  4.663E-11  81 205
 Pb-204    4.210E-10  1.760E-11  82 204
 Pb-208    1.371E-08  5.315E-10  82 208
 Bi-209    1.171E-09  5.236E-11  83 209