H Table: (M=1.0,Z=0.0001)
#H Lifetime: 5.726E+09
#H Mfinal: 5.296E-01
Isotopes Yields    X0        Z A  
H-1      3.289E-01 7.514E-01 1 1  
H-2      2.466E-06 1.458E-05 1 2  
He-3     1.120E-04 4.125E-05 2 3  
He-4     1.307E-01 2.485E-01 2 4  
Li-7     1.434E-08 7.612E-14 3 7  
B-11     1.345E-12 2.858E-12 5 11 
C-12     8.253E-03 1.250E-05 6 12 
C-13     4.549E-04 4.160E-08 6 13 
N-14     7.763E-05 1.060E-06 7 14 
N-15     5.817E-09 4.174E-09 7 15 
O-16     1.828E-03 7.409E-05 8 16 
O-17     7.173E-06 3.816E-09 8 17 
O-18     2.767E-08 2.173E-08 8 18 
F-19     3.522E-08 5.616E-10 9 19 
Ne-20    7.188E-06 5.753E-06 1020 
Ne-21    9.034E-08 4.579E-09 1021 
Ne-22    7.589E-06 1.472E-07 1022 
Na-23    1.903E-07 4.003E-08 1123 
Mg-24    8.040E-07 1.512E-06 1224 
Mg-25    6.873E-08 7.740E-08 1225 
Mg-26    1.321E-07 8.856E-08 1226 
Al-27    3.506E-08 6.487E-08 1327 
Si-28    7.133E-07 1.513E-06 1428 
Si-29    2.109E-08 3.923E-08 1429 
Si-30    3.009E-08 2.675E-08 1430 
P-31     2.192E-08 7.113E-09 1531 
Pb-206   1.069E-10 2.800E-12 82206
Pb-207   8.527E-11 3.092E-12 82207
S-32     4.967E-07 1.093E-06 1632 
S-33     1.955E-09 3.268E-09 1633 
S-34     1.255E-08 1.892E-08 1634 
S-36     9.011E-10 8.080E-11 1636 
Cl-35    3.129E-09 6.827E-09 1735 
Cl-37    1.592E-09 2.308E-09 1737 
Ar-36    7.335E-08 1.638E-07 1836 
Ar-38    7.857E-09 1.576E-08 1838 
Ar-40    1.071E-09 2.653E-11 1840 
K-39     2.008E-09 3.903E-09 1939 
K-40     6.987E-13 5.010E-13 1940 
K-41     2.239E-10 2.961E-10 1941 
Ca-40    5.402E-08 1.206E-07 2040 
Ca-42    3.615E-10 5.068E-10 2042 
Ca-43    8.509E-11 1.083E-10 2043 
Ca-44    1.033E-09 1.712E-09 2044 
Ca-46    2.938E-10 3.432E-12 2046 
Ca-48    1.076E-10 1.674E-10 2048 
Sc-45    1.170E-10 5.419E-11 2145 
Ti-46    1.603E-10 3.235E-10 2246 
Ti-47    1.889E-10 2.980E-10 2247 
Ti-48    2.483E-09 5.377E-09 2248 
Ti-49    2.077E-10 2.259E-10 2249 
Ti-50    7.981E-10 2.210E-10 2250 
V-50     4.550E-13 1.016E-12 2350 
V-51     2.140E-10 4.141E-10 2351 
Cr-50    3.704E-10 8.273E-10 2450 
Cr-52    7.629E-09 1.659E-08 2452 
Cr-53    8.753E-10 1.917E-09 2453 
Cr-54    3.956E-10 4.862E-10 2454 
Mn-55    4.946E-09 1.099E-08 2555 
Fe-54    3.638E-08 8.126E-08 2654 
Fe-56    5.926E-07 1.323E-06 2656 
Fe-57    1.399E-08 3.109E-08 2657 
Fe-58    2.342E-09 4.211E-09 2658 
Co-59    2.015E-09 3.995E-09 2759 
Ni-58    2.559E-08 5.716E-08 2858 
Ni-60    1.208E-08 2.278E-08 2860 
Ni-61    5.922E-10 1.007E-09 2861 
Ni-62    1.835E-09 3.262E-09 2862 
Ni-64    3.006E-09 8.576E-10 2864 
Cu-63    7.520E-10 6.606E-10 2963 
Cu-65    9.579E-10 3.037E-10 2965 
Zn-64    5.071E-10 1.132E-09 3064 
Zn-66    1.001E-09 6.696E-10 3066 
Zn-67    2.073E-10 9.989E-11 3067 
Zn-68    1.580E-09 4.636E-10 3068 
Zn-70    7.071E-11 1.578E-11 3070 
Ga-69    2.533E-10 4.555E-11 3169 
Ga-71    1.625E-10 3.110E-11 3171 
Ge-70    3.983E-10 5.162E-11 3270 
Ge-72    4.769E-10 6.917E-11 3272 
Ge-73    1.366E-10 1.956E-11 3273 
Ge-74    9.919E-10 9.237E-11 3274 
Ge-76    1.326E-10 1.965E-11 3276 
As-75    1.046E-10 1.431E-11 3375 
Se-74    5.368E-13 1.199E-12 3474 
Se-76    2.336E-10 1.297E-11 3476 
Se-77    1.101E-10 1.071E-11 3477 
Se-78    7.022E-10 3.379E-11 3478 
Se-80    1.028E-09 7.233E-11 3480 
Se-82    1.110E-10 1.305E-11 3482 
Br-79    1.599E-10 1.391E-11 3579 
Br-81    1.842E-10 1.387E-11 3581 
Kr-78    1.748E-13 3.904E-13 3678 
Kr-80    1.415E-12 2.577E-12 3680 
Kr-82    3.874E-10 1.321E-11 3682 
Kr-83    1.622E-10 1.325E-11 3683 
Kr-84    1.310E-09 6.608E-11 3684 
Kr-86    7.293E-09 2.046E-11 3686 
Rb-85    5.760E-10 1.284E-11 3785 
Rb-87    3.092E-09 5.067E-12 3787 
Sr-84    1.446E-13 3.231E-13 3884 
Sr-86    1.664E-10 5.850E-12 3886 
Sr-87    5.354E-11 4.447E-12 3887 
Sr-88    5.785E-09 5.015E-11 3888 
Y-89     1.830E-09 1.230E-11 3989 
Zr-90    1.482E-09 1.536E-11 4090 
Zr-91    4.428E-10 3.387E-12 4091 
Zr-92    9.544E-10 5.231E-12 4092 
Zr-94    9.324E-10 5.418E-12 4094 
Zr-96    2.952E-09 8.911E-13 4096 
Nb-93    3.048E-10 1.902E-12 4193 
Mo-92    4.537E-13 1.013E-12 4292 
Mo-94    2.889E-13 6.453E-13 4294 
Mo-95    3.028E-10 1.123E-12 4295 
Mo-96    7.419E-11 1.189E-12 4296 
Mo-97    1.250E-10 6.881E-13 4297 
Mo-98    3.689E-10 1.756E-12 4298 
Mo-100   1.278E-10 7.152E-13 42100
Ru-96    1.311E-13 2.928E-13 4496 
Ru-98    4.513E-14 1.008E-13 4498 
Ru-99    6.990E-11 6.952E-13 4499 
Ru-100   1.229E-10 6.934E-13 44100
Ru-101   4.058E-11 9.484E-13 44101
Ru-102   2.276E-10 1.771E-12 44102
Ru-104   6.938E-11 1.066E-12 44104
Rh-103   5.166E-11 1.056E-12 45103
Pd-102   1.900E-14 4.245E-14 46102
Pd-104   9.087E-11 4.727E-13 46104
Pd-105   3.689E-11 9.566E-13 46105
Pd-106   1.656E-10 1.182E-12 46106
Pd-108   1.793E-10 1.166E-12 46108
Pd-110   5.962E-11 5.260E-13 46110
Ag-107   3.128E-11 7.847E-13 47107
Ag-109   5.254E-11 7.427E-13 47109
Cd-106   2.844E-14 6.352E-14 48106
Cd-108   2.068E-14 4.608E-14 48108
Cd-110   1.133E-10 6.586E-13 48110
Cd-111   5.297E-11 6.811E-13 48111
Cd-112   1.832E-10 1.296E-12 48112
Cd-113   5.589E-11 6.619E-13 48113
Cd-114   2.573E-10 1.570E-12 48114
Cd-116   1.779E-10 4.165E-13 48116
In-113   1.167E-14 2.606E-14 49113
In-115   6.877E-11 5.920E-13 49115
Sn-112   5.471E-14 1.222E-13 50112
Sn-114   3.780E-14 8.442E-14 50114
Sn-115   1.961E-14 4.381E-14 50115
Sn-116   2.186E-10 1.895E-12 50116
Sn-117   1.095E-10 1.009E-12 50117
Sn-118   4.880E-10 3.212E-12 50118
Sn-119   1.483E-10 1.148E-12 50119
Sn-120   7.389E-10 4.395E-12 50120
Sn-122   6.174E-10 6.346E-13 50122
Sn-124   2.356E-10 8.067E-13 50124
Sb-121   8.358E-11 6.323E-13 51121
Sb-123   8.014E-11 4.807E-13 51123
Te-120   7.296E-15 1.630E-14 52120
Te-122   5.664E-11 4.493E-13 52122
Te-123   1.537E-11 1.580E-13 52123
Te-124   1.965E-10 8.449E-13 52124
Te-125   7.981E-11 1.262E-12 52125
Te-126   3.928E-10 3.378E-12 52126
Te-128   1.679E-10 5.738E-12 52128
Te-130   5.972E-11 6.216E-12 52130
I-127    5.199E-11 1.460E-12 53127
Xe-124   9.901E-15 2.211E-14 54124
Xe-126   8.735E-15 1.951E-14 54126
Xe-128   9.581E-11 3.946E-13 54128
Xe-129   5.691E-11 4.897E-12 54129
Xe-130   2.065E-10 7.872E-13 54130
Xe-131   8.482E-11 3.948E-12 54131
Xe-132   3.871E-10 4.811E-12 54132
Xe-134   4.996E-10 1.790E-12 54134
Xe-136   3.736E-10 1.480E-12 54136
Cs-133   8.474E-11 1.427E-12 55133
Ba-130   8.130E-15 1.816E-14 56130
Ba-132   7.896E-15 1.764E-14 56132
Ba-134   4.812E-11 4.276E-13 56134
Ba-135   1.612E-10 1.175E-12 56135
Ba-136   2.067E-10 1.410E-12 56136
Ba-137   1.058E-09 2.032E-12 56137
Ba-138   1.776E-09 1.306E-11 56138
La-138   7.105E-16 1.606E-15 57138
La-139   1.923E-10 1.792E-12 57139
Ce-136   3.756E-15 8.389E-15 58136
Ce-138   5.146E-15 1.149E-14 58138
Ce-140   2.035E-10 4.107E-12 58140
Ce-142   1.123E-10 5.234E-13 58142
Pr-141   4.382E-11 6.917E-13 59141
Nd-142   1.701E-11 9.929E-13 60142
Nd-143   1.562E-11 4.488E-13 60143
Nd-144   7.691E-11 8.834E-13 60144
Nd-145   9.914E-12 3.098E-13 60145
Nd-146   4.793E-11 6.454E-13 60146
Nd-148   2.038E-11 2.187E-13 60148
Nd-150   1.633E-12 2.170E-13 60150
Sm-144   1.651E-14 3.687E-14 62144
Sm-147   6.226E-12 1.836E-13 62147
Sm-148   1.735E-12 1.386E-13 62148
Sm-149   1.980E-12 1.715E-13 62149
Sm-150   7.005E-12 9.221E-14 62150
Sm-152   8.863E-12 3.386E-13 62152
Sm-154   9.908E-12 2.919E-13 62154
Eu-151   1.770E-12 2.038E-13 63151
Eu-153   2.087E-12 2.254E-13 63153
Gd-152   2.808E-15 2.950E-15 64152
Gd-154   1.058E-12 3.212E-14 64154
Gd-155   3.139E-12 2.194E-13 64155
Gd-156   7.291E-12 3.054E-13 64156
Gd-157   3.180E-12 2.350E-13 64157
Gd-158   1.291E-11 3.753E-13 64158
Gd-160   8.296E-12 3.346E-13 64160
Tb-159   3.293E-12 2.767E-13 65159
Dy-156   4.497E-16 1.005E-15 66156
Dy-158   7.809E-16 1.744E-15 66158
Dy-160   1.928E-12 4.305E-14 66160
Dy-161   3.742E-12 3.501E-13 66161
Dy-162   1.046E-11 4.752E-13 66162
Dy-163   4.126E-12 4.667E-13 66163
Dy-164   1.879E-11 5.316E-13 66164
Ho-165   7.301E-12 8.495E-13 67165
Er-162   7.209E-16 1.610E-15 68162
Er-164   9.435E-14 1.915E-14 68164
Er-166   3.006E-12 4.048E-13 68166
Er-167   3.160E-12 2.778E-13 68167
Er-168   1.293E-11 3.266E-13 68168
Er-170   1.477E-11 1.842E-13 68170
Tm-169   4.699E-12 1.856E-13 69169
Yb-168   7.094E-16 1.585E-15 70168
Yb-170   1.326E-12 3.750E-14 70170
Yb-171   7.395E-12 1.772E-13 70171
Yb-172   8.993E-12 2.724E-13 70172
Yb-173   6.274E-12 2.025E-13 70173
Yb-174   2.786E-11 4.018E-13 70174
Yb-176   2.184E-11 1.629E-13 70176
Lu-175   4.836E-12 1.830E-13 71175
Lu-176   2.161E-12 4.528E-14 71176
Hf-174   5.517E-16 1.232E-15 72174
Hf-176   1.735E-12 4.040E-14 72176
Hf-177   4.026E-12 1.439E-13 72177
Hf-178   1.355E-11 2.123E-13 72178
Hf-179   4.464E-12 1.066E-13 72179
Hf-180   2.499E-11 2.770E-13 72180
Ta-180   1.270E-17 2.431E-17 73180
Ta-181   8.295E-12 1.987E-13 73181
W-180    3.811E-16 8.402E-16 74180
W-182    1.479E-11 1.879E-13 74182
W-183    7.017E-12 1.021E-13 74183
W-184    1.511E-11 2.197E-13 74184
W-186    1.520E-11 2.060E-13 74186
Re-185   6.096E-12 1.049E-13 75185
Re-187   4.028E-12 1.775E-13 75187
Os-184   3.185E-16 7.115E-16 76184
Os-186   7.409E-13 5.783E-14 76186
Os-187   1.582E-13 6.004E-14 76187
Os-188   2.167E-11 4.878E-13 76188
Os-189   3.747E-12 5.979E-13 76189
Os-190   1.506E-11 9.775E-13 76190
Os-192   1.804E-11 1.534E-12 76192
Ir-191   3.363E-12 1.359E-12 77191
Ir-193   5.678E-12 2.310E-12 77193
Pt-190   4.519E-16 1.009E-15 78190
Pt-192   8.693E-13 5.855E-14 78192
Pt-194   2.426E-11 2.492E-12 78194
Pt-195   5.864E-12 2.571E-12 78195
Pt-196   2.028E-11 1.928E-12 78196
Pt-198   7.365E-12 5.527E-13 78198
Au-197   6.544E-12 1.084E-12 79197
Hg-196   1.349E-15 3.012E-15 80196
Hg-198   1.132E-11 1.977E-13 80198
Hg-199   9.183E-12 3.363E-13 80199
Hg-200   2.556E-11 4.626E-13 80200
Hg-201   1.026E-11 2.653E-13 80201
Hg-202   4.026E-11 6.042E-13 80202
Hg-204   9.860E-12 1.403E-13 80204
Tl-203   1.681E-11 3.224E-13 81203
Tl-205   3.890E-11 7.771E-13 81205
Pb-204   1.037E-11 2.934E-13 82204
Pb-208   1.196E-10 8.858E-12 82208
Bi-209   2.462E-12 8.726E-13 83209
