H Table: (M=1.65,Z=0.0001)
#H Lifetime: 1.233E+09
#H Mfinal: 6.182E-01
Isotopes Yields    X0        Z A  
H-1      7.133E-01 7.514E-01 1 1  
H-2      2.742E-06 1.458E-05 1 2  
He-3     2.039E-04 4.125E-05 2 3  
He-4     2.873E-01 2.485E-01 2 4  
Li-7     3.207E-11 7.612E-14 3 7  
B-11     2.949E-12 2.858E-12 5 11 
C-12     2.147E-02 1.250E-05 6 12 
C-13     1.194E-06 4.160E-08 6 13 
N-14     5.710E-05 1.060E-06 7 14 
N-15     6.486E-09 4.174E-09 7 15 
O-16     8.624E-03 7.409E-05 8 16 
O-17     1.890E-06 3.816E-09 8 17 
O-18     3.348E-08 2.173E-08 8 18 
F-19     2.432E-06 5.616E-10 9 19 
Ne-20    6.247E-05 5.753E-06 1020 
Ne-21    6.169E-07 4.579E-09 1021 
Ne-22    8.127E-04 1.472E-07 1022 
Na-23    6.951E-06 4.003E-08 1123 
Mg-24    4.969E-06 1.512E-06 1224 
Mg-25    1.370E-05 7.740E-08 1225 
Mg-26    3.536E-05 8.856E-08 1226 
Al-27    3.905E-07 6.487E-08 1327 
Si-28    1.681E-06 1.513E-06 1428 
Si-29    5.340E-08 3.923E-08 1429 
Si-30    5.708E-08 2.675E-08 1430 
P-31     1.983E-08 7.113E-09 1531 
Pb-206   2.416E-11 2.800E-12 82206
Pb-207   3.127E-11 3.092E-12 82207
S-32     1.106E-06 1.093E-06 1632 
S-33     4.083E-09 3.268E-09 1633 
S-34     2.269E-08 1.892E-08 1634 
S-36     4.611E-10 8.080E-11 1636 
Cl-35    6.845E-09 6.827E-09 1735 
Cl-37    5.241E-09 2.308E-09 1737 
Ar-36    1.633E-07 1.638E-07 1836 
Ar-38    1.839E-08 1.576E-08 1838 
Ar-40    3.654E-10 2.653E-11 1840 
K-39     4.488E-09 3.903E-09 1939 
K-40     6.371E-11 5.010E-13 1940 
K-41     5.127E-10 2.961E-10 1941 
Ca-40    1.208E-07 1.206E-07 2040 
Ca-42    8.089E-10 5.068E-10 2042 
Ca-43    1.872E-10 1.083E-10 2043 
Ca-44    2.062E-09 1.712E-09 2044 
Ca-46    3.592E-11 3.432E-12 2046 
Ca-48    1.713E-10 1.674E-10 2048 
Sc-45    1.210E-10 5.419E-11 2145 
Ti-46    4.122E-10 3.235E-10 2246 
Ti-47    3.330E-10 2.980E-10 2247 
Ti-48    5.374E-09 5.377E-09 2248 
Ti-49    3.692E-10 2.259E-10 2249 
Ti-50    7.051E-10 2.210E-10 2250 
V-50     9.999E-13 1.016E-12 2350 
V-51     4.389E-10 4.141E-10 2351 
Cr-50    8.138E-10 8.273E-10 2450 
Cr-52    1.670E-08 1.659E-08 2452 
Cr-53    1.933E-09 1.917E-09 2453 
Cr-54    7.992E-10 4.862E-10 2454 
Mn-55    1.109E-08 1.099E-08 2555 
Fe-54    8.010E-08 8.126E-08 2654 
Fe-56    1.320E-06 1.323E-06 2656 
Fe-57    3.536E-08 3.109E-08 2657 
Fe-58    1.611E-08 4.211E-09 2658 
Co-59    7.565E-09 3.995E-09 2759 
Ni-58    5.633E-08 5.716E-08 2858 
Ni-60    2.670E-08 2.278E-08 2860 
Ni-61    2.497E-09 1.007E-09 2861 
Ni-62    7.080E-09 3.262E-09 2862 
Ni-64    6.718E-09 8.576E-10 2864 
Cu-63    3.391E-09 6.606E-10 2963 
Cu-65    2.399E-09 3.037E-10 2965 
Zn-64    1.493E-09 1.132E-09 3064 
Zn-66    2.711E-09 6.696E-10 3066 
Zn-67    5.652E-10 9.989E-11 3067 
Zn-68    3.625E-09 4.636E-10 3068 
Zn-70    1.965E-11 1.578E-11 3070 
Ga-69    5.063E-10 4.555E-11 3169 
Ga-71    4.099E-10 3.110E-11 3171 
Ge-70    7.754E-10 5.162E-11 3270 
Ge-72    8.849E-10 6.917E-11 3272 
Ge-73    2.604E-10 1.956E-11 3273 
Ge-74    1.631E-09 9.237E-11 3274 
Ge-76    2.512E-11 1.965E-11 3276 
As-75    1.708E-10 1.431E-11 3375 
Se-74    1.177E-12 1.199E-12 3474 
Se-76    3.686E-10 1.297E-11 3476 
Se-77    1.513E-10 1.071E-11 3477 
Se-78    9.573E-10 3.379E-11 3478 
Se-80    1.086E-09 7.233E-11 3480 
Se-82    1.417E-11 1.305E-11 3482 
Br-79    2.108E-10 1.391E-11 3579 
Br-81    1.973E-10 1.387E-11 3581 
Kr-78    3.832E-13 3.904E-13 3678 
Kr-80    1.672E-11 2.577E-12 3680 
Kr-82    4.633E-10 1.321E-11 3682 
Kr-83    1.749E-10 1.325E-11 3683 
Kr-84    1.314E-09 6.608E-11 3684 
Kr-86    1.212E-09 2.046E-11 3686 
Rb-85    4.260E-10 1.284E-11 3785 
Rb-87    5.198E-10 5.067E-12 3787 
Sr-84    3.171E-13 3.231E-13 3884 
Sr-86    3.343E-10 5.850E-12 3886 
Sr-87    2.098E-10 4.447E-12 3887 
Sr-88    3.164E-09 5.015E-11 3888 
Y-89     8.725E-10 1.230E-11 3989 
Zr-90    6.640E-10 1.536E-11 4090 
Zr-91    1.934E-10 3.387E-12 4091 
Zr-92    3.744E-10 5.231E-12 4092 
Zr-94    2.589E-10 5.418E-12 4094 
Zr-96    1.240E-10 8.911E-13 4096 
Nb-93    1.058E-10 1.902E-12 4193 
Mo-92    9.959E-13 1.013E-12 4292 
Mo-94    7.906E-13 6.453E-13 4294 
Mo-95    4.239E-11 1.123E-12 4295 
Mo-96    6.298E-11 1.189E-12 4296 
Mo-97    2.273E-11 6.881E-13 4297 
Mo-98    6.921E-11 1.756E-12 4298 
Mo-100   6.353E-12 7.152E-13 42100
Ru-96    2.874E-13 2.928E-13 4496 
Ru-98    9.901E-14 1.008E-13 4498 
Ru-99    9.814E-12 6.952E-13 4499 
Ru-100   2.997E-11 6.934E-13 44100
Ru-101   7.763E-12 9.484E-13 44101
Ru-102   4.322E-11 1.771E-12 44102
Ru-104   4.512E-12 1.066E-12 44104
Rh-103   8.520E-12 1.056E-12 45103
Pd-102   4.166E-14 4.245E-14 46102
Pd-104   2.118E-11 4.727E-13 46104
Pd-105   6.717E-12 9.566E-13 46105
Pd-106   2.667E-11 1.182E-12 46106
Pd-108   3.231E-11 1.166E-12 46108
Pd-110   3.451E-12 5.260E-13 46110
Ag-107   5.785E-12 7.847E-13 47107
Ag-109   9.694E-12 7.427E-13 47109
Cd-106   6.234E-14 6.352E-14 48106
Cd-108   4.696E-14 4.608E-14 48108
Cd-110   2.527E-11 6.586E-13 48110
Cd-111   9.355E-12 6.811E-13 48111
Cd-112   3.350E-11 1.296E-12 48112
Cd-113   1.003E-11 6.619E-13 48113
Cd-114   4.648E-11 1.570E-12 48114
Cd-116   9.382E-12 4.165E-13 48116
In-113   2.559E-14 2.606E-14 49113
In-115   9.666E-12 5.920E-13 49115
Sn-112   1.200E-13 1.222E-13 50112
Sn-114   8.302E-14 8.442E-14 50114
Sn-115   4.309E-14 4.381E-14 50115
Sn-116   5.305E-11 1.895E-12 50116
Sn-117   1.857E-11 1.009E-12 50117
Sn-118   8.227E-11 3.212E-12 50118
Sn-119   2.454E-11 1.148E-12 50119
Sn-120   1.119E-10 4.395E-12 50120
Sn-122   2.057E-11 6.346E-13 50122
Sn-124   1.134E-12 8.067E-13 50124
Sb-121   9.287E-12 6.323E-13 51121
Sb-123   3.137E-12 4.807E-13 51123
Te-120   1.600E-14 1.630E-14 52120
Te-122   1.285E-11 4.493E-13 52122
Te-123   4.373E-12 1.580E-13 52123
Te-124   2.558E-11 8.449E-13 52124
Te-125   9.267E-12 1.262E-12 52125
Te-126   4.388E-11 3.378E-12 52126
Te-128   9.984E-12 5.738E-12 52128
Te-130   6.217E-12 6.216E-12 52130
I-127    6.732E-12 1.460E-12 53127
Xe-124   2.171E-14 2.211E-14 54124
Xe-126   1.915E-14 1.951E-14 54126
Xe-128   1.232E-11 3.946E-13 54128
Xe-129   9.917E-12 4.897E-12 54129
Xe-130   2.432E-11 7.872E-13 54130
Xe-131   1.270E-11 3.948E-12 54131
Xe-132   4.647E-11 4.811E-12 54132
Xe-134   1.196E-11 1.790E-12 54134
Xe-136   1.673E-12 1.480E-12 54136
Cs-133   7.364E-12 1.427E-12 55133
Ba-130   1.782E-14 1.816E-14 56130
Ba-132   1.731E-14 1.764E-14 56132
Ba-134   1.218E-11 4.276E-13 56134
Ba-135   1.063E-11 1.175E-12 56135
Ba-136   3.439E-11 1.410E-12 56136
Ba-137   3.616E-11 2.032E-12 56137
Ba-138   1.886E-10 1.306E-11 56138
La-138   1.559E-15 1.606E-15 57138
La-139   1.967E-11 1.792E-12 57139
Ce-136   8.234E-15 8.389E-15 58136
Ce-138   1.128E-14 1.149E-14 58138
Ce-140   3.660E-11 4.107E-12 58140
Ce-142   2.865E-12 5.234E-13 58142
Pr-141   4.205E-12 6.917E-13 59141
Nd-142   7.662E-12 9.929E-13 60142
Nd-143   1.713E-12 4.488E-13 60143
Nd-144   5.042E-12 8.834E-13 60144
Nd-145   1.076E-12 3.098E-13 60145
Nd-146   4.281E-12 6.454E-13 60146
Nd-148   9.228E-13 2.187E-13 60148
Nd-150   2.219E-13 2.170E-13 60150
Sm-144   3.622E-14 3.687E-14 62144
Sm-147   6.081E-13 1.836E-13 62147
Sm-148   8.262E-13 1.386E-13 62148
Sm-149   3.324E-13 1.715E-13 62149
Sm-150   8.125E-13 9.221E-14 62150
Sm-152   9.633E-13 3.386E-13 62152
Sm-154   5.318E-13 2.919E-13 62154
Eu-151   3.069E-13 2.038E-13 63151
Eu-153   3.435E-13 2.254E-13 63153
Gd-152   1.113E-14 2.950E-15 64152
Gd-154   2.666E-13 3.212E-14 64154
Gd-155   3.680E-13 2.194E-13 64155
Gd-156   8.177E-13 3.054E-13 64156
Gd-157   4.673E-13 2.350E-13 64157
Gd-158   1.298E-12 3.753E-13 64158
Gd-160   4.986E-13 3.346E-13 64160
Tb-159   4.767E-13 2.767E-13 65159
Dy-156   9.860E-16 1.005E-15 66156
Dy-158   1.725E-15 1.744E-15 66158
Dy-160   3.414E-13 4.305E-14 66160
Dy-161   5.157E-13 3.501E-13 66161
Dy-162   1.157E-12 4.752E-13 66162
Dy-163   6.841E-13 4.667E-13 66163
Dy-164   1.563E-12 5.316E-13 66164
Ho-165   1.375E-12 8.495E-13 67165
Er-162   1.581E-15 1.610E-15 68162
Er-164   1.302E-13 1.915E-14 68164
Er-166   8.174E-13 4.048E-13 68166
Er-167   4.812E-13 2.778E-13 68167
Er-168   1.167E-12 3.266E-13 68168
Er-170   6.405E-13 1.842E-13 68170
Tm-169   3.669E-13 1.856E-13 69169
Yb-168   1.555E-15 1.585E-15 70168
Yb-170   2.518E-13 3.750E-14 70170
Yb-171   5.523E-13 1.772E-13 70171
Yb-172   1.093E-12 2.724E-13 70172
Yb-173   6.055E-13 2.025E-13 70173
Yb-174   2.207E-12 4.018E-13 70174
Yb-176   8.419E-13 1.629E-13 70176
Lu-175   4.341E-13 1.830E-13 71175
Lu-176   2.308E-13 4.528E-14 71176
Hf-174   1.210E-15 1.232E-15 72174
Hf-176   1.133E-13 4.040E-14 72176
Hf-177   3.670E-13 1.439E-13 72177
Hf-178   1.174E-12 2.123E-13 72178
Hf-179   4.402E-13 1.066E-13 72179
Hf-180   2.124E-12 2.770E-13 72180
Ta-180   2.444E-17 2.431E-17 73180
Ta-181   5.811E-13 1.987E-13 73181
W-180    8.774E-16 8.402E-16 74180
W-182    9.631E-13 1.879E-13 74182
W-183    5.893E-13 1.021E-13 74183
W-184    1.472E-12 2.197E-13 74184
W-186    8.522E-13 2.060E-13 74186
Re-185   4.087E-13 1.049E-13 75185
Re-187   3.357E-13 1.775E-13 75187
Os-184   6.983E-16 7.115E-16 76184
Os-186   4.498E-13 5.783E-14 76186
Os-187   1.690E-13 6.004E-14 76187
Os-188   1.504E-12 4.878E-13 76188
Os-189   8.040E-13 5.979E-13 76189
Os-190   2.059E-12 9.775E-13 76190
Os-192   2.159E-12 1.534E-12 76192
Ir-191   1.529E-12 1.359E-12 77191
Ir-193   2.559E-12 2.310E-12 77193
Pt-190   9.907E-16 1.009E-15 78190
Pt-192   2.869E-13 5.855E-14 78192
Pt-194   3.394E-12 2.492E-12 78194
Pt-195   2.901E-12 2.571E-12 78195
Pt-196   3.576E-12 1.928E-12 78196
Pt-198   6.854E-13 5.527E-13 78198
Au-197   1.571E-12 1.084E-12 79197
Hg-196   2.957E-15 3.012E-15 80196
Hg-198   1.695E-12 1.977E-13 80198
Hg-199   1.045E-12 3.363E-13 80199
Hg-200   2.817E-12 4.626E-13 80200
Hg-201   1.286E-12 2.653E-13 80201
Hg-202   4.733E-12 6.042E-13 80202
Hg-204   3.089E-13 1.403E-13 80204
Tl-203   2.253E-12 3.224E-13 81203
Tl-205   3.873E-12 7.771E-13 81205
Pb-204   2.741E-12 2.934E-13 82204
Pb-208   3.921E-10 8.858E-12 82208
Bi-209   1.211E-11 8.726E-13 83209
