H Table: (M=25.0,Z=0.01)
#H Lifetime: 7.854E+06
#H Mfinal: 6.050E+00
 Isotopes  Yields     X0         Z  A  
 H-1       9.403E+00  7.290E-01  1  1  
 H-2       3.668E-05  1.414E-05  1  2  
 He-3      3.614E-04  4.331E-05  2  3  
 He-4      8.055E+00  2.609E-01  2  4  
 Li-7      1.581E-10  3.803E-11  3  7  
 B-11      2.228E-08  1.428E-09  5  11 
 C-12      2.307E-01  1.712E-03  6  12 
 C-13      5.476E-04  2.078E-05  6  13 
 N-14      5.163E-02  5.294E-04  7  14 
 N-15      1.420E-04  2.085E-06  7  15 
 O-16      8.716E-01  4.812E-03  8  16 
 O-17      3.083E-05  1.907E-06  8  17 
 O-18      1.203E-04  1.086E-05  8  18 
 F-19      3.672E-06  2.805E-07  9  19 
 Ne-20     1.790E-01  9.089E-04  10 20 
 Ne-21     3.196E-04  2.288E-06  10 21 
 Ne-22     8.040E-03  7.351E-05  10 22 
 Na-23     5.326E-03  2.000E-05  11 23 
 Mg-24     3.035E-02  2.931E-04  12 24 
 Mg-25     5.797E-03  3.867E-05  12 25 
 Mg-26     1.078E-02  4.424E-05  12 26 
 Al-27     2.399E-03  3.241E-05  13 27 
 Si-28     2.933E-02  3.726E-04  14 28 
 Si-29     5.908E-03  1.960E-05  14 29 
 Si-30     4.683E-03  1.336E-05  14 30 
 P-31      1.865E-03  3.553E-06  15 31 
 Pb-206    3.389E-08  1.399E-09  82 206
 Pb-207    3.099E-08  1.545E-09  82 207
 S-32      2.385E-02  2.005E-04  16 32 
 S-33      3.652E-04  1.632E-06  16 33 
 S-34      2.886E-03  9.452E-06  16 34 
 S-36      5.827E-05  4.036E-08  16 36 
 Cl-35     2.055E-03  3.411E-06  17 35 
 Cl-37     1.020E-04  1.153E-06  17 37 
 Ar-36     5.131E-03  4.101E-05  18 36 
 Ar-38     1.045E-03  7.871E-06  18 38 
 Ar-40     1.770E-05  1.325E-08  18 40 
 K-39      1.206E-03  1.950E-06  19 39 
 K-40      5.020E-06  2.503E-10  19 40 
 K-41      1.860E-05  1.479E-07  19 41 
 Ca-40     7.893E-04  3.613E-05  20 40 
 Ca-42     7.168E-05  2.532E-07  20 42 
 Ca-43     3.647E-05  5.408E-08  20 43 
 Ca-44     2.823E-05  8.551E-07  20 44 
 Ca-46     3.466E-06  1.714E-09  20 46 
 Ca-48     2.756E-06  8.362E-08  20 48 
 Sc-45     6.117E-06  2.707E-08  21 45 
 Ti-46     4.365E-06  1.616E-07  22 46 
 Ti-47     6.330E-06  1.488E-07  22 47 
 Ti-48     2.585E-05  1.507E-06  22 48 
 Ti-49     3.474E-06  1.129E-07  22 49 
 Ti-50     5.169E-06  1.104E-07  22 50 
 V-50      5.598E-08  5.077E-10  23 50 
 V-51      4.675E-06  2.069E-07  23 51 
 Cr-50     6.723E-06  4.133E-07  24 50 
 Cr-52     1.382E-04  8.288E-06  24 52 
 Cr-53     1.709E-05  9.578E-07  24 53 
 Cr-54     1.052E-05  2.429E-07  24 54 
 Mn-55     9.540E-05  5.491E-06  25 55 
 Fe-54     6.567E-04  4.059E-05  26 54 
 Fe-56     1.085E-02  6.608E-04  26 56 
 Fe-57     3.271E-04  1.553E-05  26 57 
 Fe-58     2.444E-04  2.103E-06  26 58 
 Co-59     1.600E-04  1.996E-06  27 59 
 Ni-58     4.614E-04  2.855E-05  28 58 
 Ni-60     5.770E-04  1.138E-05  28 60 
 Ni-61     1.866E-04  5.029E-07  28 61 
 Ni-62     4.688E-04  1.630E-06  28 62 
 Ni-64     2.539E-04  4.284E-07  28 64 
 Cu-63     1.715E-04  3.300E-07  29 63 
 Cu-65     7.860E-05  1.517E-07  29 65 
 Zn-64     1.857E-05  5.654E-07  30 64 
 Zn-66     1.010E-04  3.345E-07  30 66 
 Zn-67     3.745E-05  4.990E-08  30 67 
 Zn-68     5.153E-05  2.316E-07  30 68 
 Zn-70     1.297E-05  7.884E-09  30 70 
 Ga-69     2.672E-05  2.275E-08  31 69 
 Ga-71     7.464E-06  1.554E-08  31 71 
 Ge-70     3.854E-06  2.579E-08  32 70 
 Ge-72     1.642E-05  3.455E-08  32 72 
 Ge-73     3.244E-06  9.773E-09  32 73 
 Ge-74     7.546E-06  4.614E-08  32 74 
 Ge-76     2.492E-06  9.815E-09  32 76 
 As-75     2.988E-06  7.150E-09  33 75 
 Se-74     9.891E-09  5.989E-10  34 74 
 Se-76     7.469E-07  6.481E-09  34 76 
 Se-77     1.278E-06  5.352E-09  34 77 
 Se-78     4.478E-06  1.688E-08  34 78 
 Se-80     1.669E-06  3.613E-08  34 80 
 Se-82     8.444E-07  6.518E-09  34 82 
 Br-79     6.969E-07  6.947E-09  35 79 
 Br-81     6.144E-07  6.930E-09  35 81 
 Kr-78     3.101E-09  1.950E-10  36 78 
 Kr-80     2.112E-07  1.287E-09  36 80 
 Kr-82     7.406E-07  6.598E-09  36 82 
 Kr-83     5.102E-07  6.621E-09  36 83 
 Kr-84     2.321E-06  3.301E-08  36 84 
 Kr-86     1.242E-06  1.022E-08  36 86 
 Rb-85     5.520E-07  6.412E-09  37 85 
 Rb-87     1.996E-07  2.531E-09  37 87 
 Sr-84     2.561E-09  1.614E-10  38 84 
 Sr-86     4.143E-07  2.922E-09  38 86 
 Sr-87     2.715E-07  2.222E-09  38 87 
 Sr-88     1.640E-06  2.505E-08  38 88 
 Y-89      3.259E-07  6.147E-09  39 89 
 Zr-90     4.042E-07  7.672E-09  40 90 
 Zr-91     9.417E-08  1.692E-09  40 91 
 Zr-92     1.138E-07  2.613E-09  40 92 
 Zr-94     9.814E-08  2.707E-09  40 94 
 Zr-96     4.303E-08  4.452E-10  40 96 
 Nb-93     4.640E-08  9.500E-10  41 93 
 Mo-92     8.134E-09  5.062E-10  42 92 
 Mo-94     5.425E-09  3.224E-10  42 94 
 Mo-95     2.720E-08  5.609E-10  42 95 
 Mo-96     1.270E-08  5.938E-10  42 96 
 Mo-97     1.396E-08  3.438E-10  42 97 
 Mo-98     2.396E-08  8.772E-10  42 98 
 Mo-100    1.026E-08  3.573E-10  42 100
 Ru-96     2.332E-09  1.463E-10  44 96 
 Ru-98     8.189E-10  5.035E-11  44 98 
 Ru-99     8.485E-09  3.473E-10  44 99 
 Ru-100    6.566E-09  3.464E-10  44 100
 Ru-101    1.033E-08  4.738E-10  44 101
 Ru-102    2.325E-08  8.849E-10  44 102
 Ru-104    1.654E-08  5.325E-10  44 104
 Rh-103    1.493E-08  5.273E-10  45 103
 Pd-102    3.365E-10  2.121E-11  46 102
 Pd-104    4.336E-09  2.361E-10  46 104
 Pd-105    1.099E-08  4.779E-10  46 105
 Pd-106    1.308E-08  5.905E-10  46 106
 Pd-108    1.246E-08  5.825E-10  46 108
 Pd-110    6.536E-09  2.628E-10  46 110
 Ag-107    7.808E-09  3.920E-10  47 107
 Ag-109    7.646E-09  3.710E-10  47 109
 Cd-106    5.042E-10  3.173E-11  48 106
 Cd-108    4.720E-10  2.302E-11  48 108
 Cd-110    5.911E-09  3.290E-10  48 110
 Cd-111    6.944E-09  3.402E-10  48 111
 Cd-112    1.294E-08  6.472E-10  48 112
 Cd-113    6.453E-09  3.307E-10  48 113
 Cd-114    1.601E-08  7.843E-10  48 114
 Cd-116    5.515E-09  2.081E-10  48 116
 In-113    2.287E-10  1.302E-11  49 113
 In-115    5.340E-09  2.957E-10  49 115
 Sn-112    9.728E-10  6.105E-11  50 112
 Sn-114    8.447E-10  4.217E-11  50 114
 Sn-115    4.346E-10  2.189E-11  50 115
 Sn-116    1.666E-08  9.466E-10  50 116
 Sn-117    9.623E-09  5.042E-10  50 117
 Sn-118    2.996E-08  1.605E-09  50 118
 Sn-119    1.041E-08  5.735E-10  50 119
 Sn-120    4.115E-08  2.196E-09  50 120
 Sn-122    7.734E-09  3.170E-10  50 122
 Sn-124    1.247E-08  4.030E-10  50 124
 Sb-121    6.283E-09  3.159E-10  51 121
 Sb-123    5.008E-09  2.401E-10  51 123
 Te-120    1.289E-10  8.142E-12  52 120
 Te-122    3.859E-09  2.244E-10  52 122
 Te-123    1.356E-09  7.893E-11  52 123
 Te-124    7.541E-09  4.220E-10  52 124
 Te-125    1.189E-08  6.307E-10  52 125
 Te-126    3.281E-08  1.688E-09  52 126
 Te-128    5.050E-08  2.866E-09  52 128
 Te-130    5.497E-08  3.105E-09  52 130
 I-127     1.394E-08  7.296E-10  53 127
 Xe-124    1.748E-10  1.105E-11  54 124
 Xe-126    1.549E-10  9.746E-12  54 126
 Xe-128    3.597E-09  1.971E-10  54 128
 Xe-129    4.135E-08  2.446E-09  54 129
 Xe-130    7.807E-09  3.933E-10  54 130
 Xe-131    3.432E-08  1.972E-09  54 131
 Xe-132    4.427E-08  2.403E-09  54 132
 Xe-134    2.679E-08  8.940E-10  54 134
 Xe-136    2.636E-08  7.392E-10  54 136
 Cs-133    1.378E-08  7.130E-10  55 133
 Ba-130    1.435E-10  9.072E-12  56 130
 Ba-132    1.399E-10  8.811E-12  56 132
 Ba-134    4.063E-09  2.136E-10  56 134
 Ba-135    1.103E-08  5.870E-10  56 135
 Ba-136    1.393E-08  7.044E-10  56 136
 Ba-137    1.924E-08  1.015E-09  56 137
 Ba-138    1.489E-07  6.526E-09  56 138
 La-138    1.264E-11  8.020E-13  57 138
 La-139    1.925E-08  8.951E-10  57 139
 Ce-136    6.659E-11  4.191E-12  58 136
 Ce-138    9.202E-11  5.739E-12  58 138
 Ce-140    4.295E-08  2.052E-09  58 140
 Ce-142    6.268E-09  2.615E-10  58 142
 Pr-141    7.206E-09  3.455E-10  59 141
 Nd-142    9.448E-09  4.960E-10  60 142
 Nd-143    4.610E-09  2.242E-10  60 143
 Nd-144    1.126E-08  4.413E-10  60 144
 Nd-145    3.915E-09  1.548E-10  60 145
 Nd-146    7.146E-09  3.224E-10  60 146
 Nd-148    2.459E-09  1.093E-10  60 148
 Nd-150    2.377E-09  1.084E-10  60 150
 Sm-144    3.057E-10  1.842E-11  62 144
 Sm-147    2.876E-09  9.172E-11  62 147
 Sm-148    1.282E-09  6.923E-11  62 148
 Sm-149    1.760E-09  8.569E-11  62 149
 Sm-150    8.203E-10  4.607E-11  62 150
 Sm-152    3.560E-09  1.692E-10  62 152
 Sm-154    3.264E-09  1.458E-10  62 154
 Eu-151    1.999E-09  1.018E-10  63 151
 Eu-153    2.024E-09  1.126E-10  63 153
 Gd-152    3.342E-11  1.474E-12  64 152
 Gd-154    2.812E-10  1.605E-11  64 154
 Gd-155    2.362E-09  1.096E-10  64 155
 Gd-156    3.416E-09  1.526E-10  64 156
 Gd-157    2.354E-09  1.174E-10  64 157
 Gd-158    3.807E-09  1.875E-10  64 158
 Gd-160    3.365E-09  1.671E-10  64 160
 Tb-159    2.585E-09  1.382E-10  65 159
 Dy-156    7.935E-12  5.018E-13  66 156
 Dy-158    1.803E-11  8.713E-13  66 158
 Dy-160    4.225E-10  2.151E-11  66 160
 Dy-161    3.323E-09  1.749E-10  66 161
 Dy-162    4.634E-09  2.374E-10  66 162
 Dy-163    4.209E-09  2.332E-10  66 163
 Dy-164    5.081E-09  2.656E-10  66 164
 Ho-165    7.178E-09  4.244E-10  67 165
 Er-162    1.379E-11  8.044E-13  68 162
 Er-164    1.897E-10  9.564E-12  68 164
 Er-166    3.772E-09  2.022E-10  68 166
 Er-167    2.462E-09  1.388E-10  68 167
 Er-168    3.103E-09  1.631E-10  68 168
 Er-170    1.800E-09  9.199E-11  68 170
 Tm-169    1.648E-09  9.271E-11  69 169
 Yb-168    1.753E-11  7.916E-13  70 168
 Yb-170    5.155E-10  1.873E-11  70 170
 Yb-171    1.650E-09  8.851E-11  70 171
 Yb-172    2.865E-09  1.361E-10  70 172
 Yb-173    1.876E-09  1.011E-10  70 173
 Yb-174    3.848E-09  2.007E-10  70 174
 Yb-176    1.666E-09  8.140E-11  70 176
 Lu-175    1.694E-09  9.139E-11  71 175
 Lu-176    4.990E-10  2.262E-11  71 176
 Hf-174    5.785E-11  6.156E-13  72 174
 Hf-176    4.552E-10  2.018E-11  72 176
 Hf-177    1.433E-09  7.189E-11  72 177
 Hf-178    2.700E-09  1.061E-10  72 178
 Hf-179    1.144E-09  5.326E-11  72 179
 Hf-180    3.049E-09  1.384E-10  72 180
 Ta-180    5.013E-12  1.215E-14  73 180
 Ta-181    2.017E-09  9.928E-11  73 181
 W-180     5.914E-11  4.197E-13  74 180
 W-182     2.618E-09  9.387E-11  74 182
 W-183     1.267E-09  5.099E-11  74 183
 W-184     2.657E-09  1.097E-10  74 184
 W-186     1.986E-09  1.029E-10  74 186
 Re-185    1.246E-09  5.239E-11  75 185
 Re-187    1.671E-09  8.865E-11  75 187
 Os-184    6.983E-11  3.554E-13  76 184
 Os-186    6.282E-10  2.889E-11  76 186
 Os-187    4.230E-10  2.999E-11  76 187
 Os-188    4.546E-09  2.437E-10  76 188
 Os-189    4.918E-09  2.987E-10  76 189
 Os-190    8.160E-09  4.883E-10  76 190
 Os-192    1.248E-08  7.664E-10  76 192
 Ir-191    1.091E-08  6.787E-10  77 191
 Ir-193    1.851E-08  1.154E-09  77 193
 Pt-190    3.369E-11  5.042E-13  78 190
 Pt-192    6.641E-10  2.925E-11  78 192
 Pt-194    2.047E-08  1.245E-09  78 194
 Pt-195    2.070E-08  1.284E-09  78 195
 Pt-196    1.651E-08  9.630E-10  78 196
 Pt-198    5.058E-09  2.761E-10  78 198
 Au-197    9.247E-09  5.417E-10  79 197
 Hg-196    1.610E-10  1.505E-12  80 196
 Hg-198    2.050E-09  9.875E-11  80 198
 Hg-199    3.509E-09  1.680E-10  80 199
 Hg-200    5.391E-09  2.311E-10  80 200
 Hg-201    3.012E-09  1.326E-10  80 201
 Hg-202    7.829E-09  3.018E-10  80 202
 Hg-204    7.112E-09  7.007E-11  80 204
 Tl-203    4.255E-09  1.610E-10  81 203
 Tl-205    7.999E-09  3.882E-10  81 205
 Pb-204    3.448E-09  1.466E-10  82 204
 Pb-208    9.770E-08  4.425E-09  82 208
 Bi-209    8.771E-09  4.359E-10  83 209