H Ejected Yields
H in solar masses
   Isotope     m3z1m3-bigpoc       m2z1m3-bigpoc       m2z2m3-bigpoc     
   Neutron-1   4.0708022108e-29    1.67620146184e-30   4.59311126115e-29 
   H-1         1.26957354416       0.735322150202      0.244962731373    
   H-2         9.8183912839e-07    2.64333895118e-06   1.02076096138e-06 
   He-3        0.000223464618745   0.000220062788588   7.89554580667e-05 
   He-4        0.476527045396      0.292030281599      0.105829321404    
   Be-7        4.42099965287e-08   6.89697817882e-08   6.23224407979e-08 
   B-8         9.40075897984e-15   1.10014734042e-14   7.08207247922e-15 
   Li-7        1.49358750015e-10   1.97574716685e-10   7.56376507505e-11 
   C-11        9.90258368139e-20   3.85094837082e-19   2.43616532515e-19 
   B-11        5.01026618398e-11   2.96545644712e-11   2.11132023705e-11 
   C-12        0.00352492710827    0.00691181615759    0.00860454828552  
   C-13        0.000398249724691   0.00070184699088    0.000808707470206 
   N-13        4.31065918846e-09   7.00015009445e-09   5.67193947545e-09 
   N-14        0.000566390391999   0.000605284475999   0.000530389699092 
   C-14        2.98163629376e-08   1.3800080829e-08    1.65264774243e-08 
   N-15        3.77250181594e-08   5.11185224668e-08   5.14372531157e-08 
   O-16        0.00162599406086    0.0012481960116     0.00723570589264  
   O-17        4.16149567683e-06   5.42920796988e-06   4.90124026882e-06 
   O-18        2.4061933219e-07    1.42494951212e-07   3.12269955312e-07 
   F-17        2.09322983833e-13   8.30879615009e-14   9.69635035821e-13 
   F-18        2.96691309285e-13   2.14224856826e-13   1.85764093496e-12 
   F-19        6.98346204405e-07   7.99689084016e-07   1.44218532349e-06 
   Ne-20       0.000102594654527   6.09290777105e-05   6.03026160047e-05 
   Ne-21       2.33189223225e-07   9.34304966771e-08   3.01266835338e-07 
   Ne-22       0.000121303145634   0.000251900208886   0.00111458437007  
   Na-22       1.19988409114e-08   9.62010535233e-09   5.64641598361e-08 
   Na-23       1.89963355073e-06   2.30538862722e-06   2.31461562701e-05 
   Mg-23       2.07018214432e-18   6.68846063747e-19   2.20583919847e-18 
   Mg-24       2.69236929618e-05   1.65605174681e-05   1.32372172119e-05 
   Mg-25       1.85806386524e-06   1.20750667747e-06   2.66024751945e-06 
   Mg-26       2.86729661698e-06   1.72051756951e-06   4.03840490772e-06 
   Al-26       1.62123782563e-09   4.23796277449e-09   4.35298899055e-09 
   Al-27       1.40383136856e-06   7.41929663878e-07   5.04301155547e-07 
   Si-27       1.53760035171e-22   1.84866555976e-21   8.60146959257e-22 
   Si-28       2.69077584851e-05   1.56990331015e-05   1.11455501592e-05 
   Si-29       7.1024847498e-07    4.16077039752e-07   3.09287579655e-07 
   Si-30       5.1174805997e-07    3.14187691037e-07   2.65303864141e-07 
   P-31        1.83515148772e-07   9.98302442109e-08   7.35113913444e-08 
   S-31        1.74786082439e-99   1.03788789024e-99   3.69310986331e-100
   Be-8        1.74786082439e-99   1.03788789024e-99   3.69310986331e-100
   O-14        3.1279559292e-15    3.05513793291e-15   1.1040754084e-15  
   O-15        6.84946200836e-12   3.63335507112e-12   1.93369304888e-12 
   Na-21       9.16506558959e-18   2.44524335594e-18   1.21088175217e-17 
   Al-25       6.08283589653e-18   1.20956518134e-18   7.15619483669e-18 
   P-29        1.57502455157e-24   5.6585255084e-25    5.57589823508e-25 
   P-30        1.42973212213e-20   6.01880910361e-21   5.36306404442e-21 
   Pb-206      2.18614071909e-09   9.58764248595e-10   3.16035569657e-09 
   Pb-207      3.5168535875e-09    1.65017465248e-09   3.74954090261e-09 
   Bi-211      4.47023365994e-27   3.93941896392e-31   5.9724017845e-28  
   Po-210      1.74786082439e-99   1.03788789024e-99   3.69310986331e-100
   F-20        1.0976957027e-25    1.33838872189e-27   2.93302723933e-25 
   Ne-19       1.36464484077e-20   3.93718537405e-21   1.39064941146e-20 
   Na-24       4.16519077932e-17   8.38457667043e-19   7.01798754287e-17 
   Mg-27       6.07184873825e-25   7.08760959652e-27   1.26700889662e-24 
   Mg-28       2.23233270992e-25   1.58667323767e-57   1.050036788e-29   
   Al-28       2.7325536499e-24    1.02501768641e-25   4.65103616092e-25 
   Al-29       3.82330251221e-33   2.5250226485e-37    8.86103108505e-36 
   Si-31       7.79841379155e-21   7.44487868715e-21   3.77313853396e-21 
   Si-32       3.56441324585e-12   9.65457519836e-14   8.3047740391e-15  
   P-32        3.35189959421e-15   2.27801902489e-17   2.59794238103e-18 
   P-33        3.32192549484e-17   4.45215582568e-20   5.05175631918e-20 
   P-34        2.81171258691e-35   3.24359926705e-60   8.83366215436e-100
   P-35        1.74786082439e-99   1.03788789024e-99   3.69310986331e-100
   S-32        1.91396811308e-05   1.12977249491e-05   7.99126106533e-06 
   S-33        6.14785268732e-08   3.8445569586e-08    3.32643409241e-08 
   S-34        3.41781095519e-07   2.06906898926e-07   1.51795855108e-07 
   S-35        2.85858430153e-16   2.93966994215e-18   2.5941083942e-18  
   S-36        3.28958858098e-09   1.94985945146e-09   1.79305030179e-09 
   S-37        1.04615165592e-27   1.20113093909e-28   5.77411917474e-28 
   S-38        1.50941057833e-34   2.48475756749e-60   3.70653618312e-100
   Cl-34       8.01853786452e-25   2.07885583906e-25   3.22483862469e-25 
   Cl-35       1.19230503592e-07   7.01553854803e-08   4.919063308e-08   
   Cl-36       8.96321387188e-11   1.21086021513e-10   2.5120840986e-10  
   Cl-37       4.4702046808e-08    3.04864382524e-08   3.5663747863e-08  
   Cl-38       2.52236816983e-24   5.2184745522e-24    1.15525926187e-23 
   Cl-39       3.81437603534e-31   1.44865074303e-35   3.66650954555e-33 
   Cl-40       3.21918958656e-46   1.03788789024e-99   3.69310986331e-100
   Ar-35       1.74786082439e-99   1.03788789024e-99   3.69310986331e-100
   Ar-36       2.85830450677e-06   1.68206890331e-06   1.17997238659e-06 
   Ar-37       4.70001123545e-11   6.22637643634e-13   6.86493206256e-14 
   Ar-38       2.79792543491e-07   1.6909881133e-07    1.27032565658e-07 
   Ar-39       3.4340347287e-10    3.73590011031e-11   1.60254691694e-11 
   Ar-40       1.27863374652e-09   9.12386326508e-10   7.36547659128e-10 
   Ar-41       9.1948153532e-24    1.59063913144e-23   4.55337951586e-24 
   Ar-42       3.92968622003e-15   2.87894853285e-18   1.33294500143e-19 
   Ar-43       1.42316250674e-32   5.66719757394e-78   3.83488748857e-100
   Ar-44       6.00721313456e-50   1.03788789024e-99   3.69310986331e-100
   K-38        2.70508169716e-25   2.97201576215e-29   8.46157575886e-29 
   K-39        6.85252731814e-08   4.12939628646e-08   3.01349883506e-08 
   K-40        1.35142536077e-10   2.0395994398e-10    3.76466255327e-10 
   K-41        5.37334118399e-09   3.31746133232e-09   3.03776492981e-09 
   K-42        2.51568924644e-19   5.28141185341e-21   1.29542874402e-20 
   K-43        3.75640338433e-23   5.48709973387e-29   1.61614376408e-27 
   K-44        1.41038369321e-37   1.03788789024e-99   3.69310986331e-100
   K-45        2.70989973917e-47   1.03788789024e-99   3.69310986331e-100
   K-46        1.74786082439e-99   1.03788789024e-99   3.69310986331e-100
   Ca-39       1.74786082439e-99   1.03788789024e-99   3.69310986331e-100
   Ca-40       2.10580197719e-06   1.24084975906e-06   8.74105002121e-07 
   Ca-41       2.47060946148e-10   3.81881795869e-10   7.99883340936e-10 
   Ca-42       9.28221878463e-09   5.75699170718e-09   4.9450479976e-09  
   Ca-43       1.98581359001e-09   1.22447191589e-09   1.04072050009e-09 
   Ca-44       3.02672018097e-08   1.80265234413e-08   1.32371370332e-08 
   Ca-45       7.0241008902e-16    1.20472832412e-17   2.29089861868e-17 
   Ca-46       7.89449497794e-11   9.29376959805e-11   3.56759287902e-11 
   Ca-47       1.0239603123e-18    2.95817459359e-21   2.31856362026e-22 
   Ca-48       2.92999923143e-09   1.73323814331e-09   1.23121326115e-09 
   Ca-49       2.97293881077e-28   1.15469983669e-28   8.6712778086e-28  
   Sc-43       4.09277150761e-23   3.19953877944e-22   6.22030372531e-22 
   Sc-44       5.4382490396e-24    4.47937856574e-23   7.98300533855e-23 
   Sc-45       1.03626902485e-09   6.43920274639e-10   5.52050692416e-10 
   Sc-46       7.55121208724e-16   6.0933698001e-18    7.16385337179e-18 
   Sc-47       1.34816178387e-18   4.1046506296e-21    1.9155073068e-22  
   Sc-48       6.25486578849e-24   1.92844764929e-33   4.86313677175e-36 
   Sc-49       6.83389949048e-26   2.20970607637e-25   7.56846348557e-25 
   Sc-50       1.21355221396e-38   3.48293633445e-65   3.69310986331e-100
   Ti-44       1.05554528268e-25   2.33833083774e-26   7.90921575102e-26 
   Ti-45       1.74786082439e-99   1.03788789024e-99   3.69310986331e-100
   Ti-46       5.75966606532e-09   3.44520262652e-09   2.60530260366e-09 
   Ti-47       5.22664741371e-09   3.07410506071e-09   2.17020581194e-09 
   Ti-48       9.35859366824e-08   5.48767365061e-08   3.8016663418e-08  
   Ti-49       4.43047543681e-09   2.82672086446e-09   2.77145429511e-09 
   Ti-50       5.32393759215e-09   3.54389605339e-09   4.09946513823e-09 
   Ti-51       6.88080416802e-27   1.07926909195e-27   1.77880615842e-26 
   Ti-52       1.05739994062e-37   3.37048611715e-60   2.78740743279e-53 
   V-47        1.98831701107e-27   6.34757086883e-27   3.99132140117e-26 
   V-48        2.97622669675e-23   6.00087255552e-23   9.38670362009e-23 
   V-49        2.28289457988e-18   9.93441354104e-21   2.76857776347e-21 
   V-50        1.76474584673e-11   1.03274143681e-11   7.07609059851e-12 
   V-51        7.29600069606e-09   4.30260178441e-09   3.07798738487e-09 
   V-52        3.47516422014e-26   4.60199840402e-27   9.23122863248e-26 
   V-53        3.71649619822e-36   2.76097469747e-41   1.47344664724e-44 
   Cr-48       1.74786082439e-99   1.03788789024e-99   3.69310986331e-100
   Cr-49       1.74786082439e-99   1.03788789024e-99   3.69310986331e-100
   Cr-50       1.43629592932e-08   8.40409952684e-09   5.75610479876e-09 
   Cr-51       3.19522716053e-12   9.63157399821e-15   6.80550151942e-16 
   Cr-52       2.90084961302e-07   1.71070032102e-07   1.20715467271e-07 
   Cr-53       3.35326171472e-08   1.9717632298e-08    1.38569941849e-08 
   Cr-54       9.37490403569e-09   6.1351700982e-09    5.80339571326e-09 
   Cr-55       1.85732655581e-26   4.31960803883e-27   3.5439382989e-26  
   Cr-56       9.30785137031e-36   3.26630494647e-40   5.17145207867e-45 
   Mn-51       1.96343622988e-29   8.79056120638e-29   7.42746710243e-28 
   Mn-52       1.15764965355e-26   1.03788789024e-99   5.33260400445e-41 
   Mn-53       6.74188940158e-19   3.0997263872e-20    6.30826959518e-21 
   Mn-54       2.33934832805e-19   1.84893969162e-21   3.46230997554e-22 
   Mn-55       1.91780361138e-07   1.1478644716e-07    8.46503641813e-08 
   Mn-56       2.30976018565e-21   4.7945000685e-21    9.17967469694e-21 
   Mn-57       6.88459844953e-33   1.53920970372e-35   2.55134968586e-33 
   Fe-52       1.74786082439e-99   1.03788789024e-99   3.69310986331e-100
   Fe-53       1.74786082439e-99   1.03788789024e-99   3.69310986331e-100
   Fe-54       1.4125781098e-06    8.27580850884e-07   5.70391090867e-07 
   Fe-55       1.94656213459e-09   7.83752188982e-10   6.04302964722e-10 
   Fe-56       2.30902025411e-05   1.36060736842e-05   9.55781783785e-06 
   Fe-57       5.69330118425e-07   3.48905391341e-07   2.89388823539e-07 
   Fe-58       1.06724450803e-07   9.11114252509e-08   1.32041489295e-07 
   Fe-59       4.22237615651e-14   2.89041041793e-16   1.37791442739e-16 
   Fe-60       6.2039621993e-10    7.08072392427e-09   6.17243630154e-10 
   Fe-61       5.96721360448e-27   2.85641294987e-26   1.99696463792e-27 
   Co-55       5.01010917155e-26   3.59810191661e-25   8.00052084841e-25 
   Co-56       6.60575572114e-25   2.8432465262e-28    5.65652549256e-28 
   Co-57       2.0747780755e-19    5.43932438847e-21   4.60124267249e-21 
   Co-58       3.80751173974e-22   1.59643939691e-23   2.71356482591e-23 
   Co-59       7.59103532408e-08   5.24212693006e-08   5.11461196943e-08 
   Co-60       5.46475680388e-12   7.28126064614e-15   4.24439822981e-15 
   Co-61       1.10541079629e-23   3.35675847044e-22   2.21321264347e-24 
   Co-62       3.2061018743e-35    4.28706747446e-37   7.00292944181e-51 
   Co-63       4.52325345162e-47   1.03788789024e-99   3.69310986331e-100
   Ni-56       1.74786082439e-99   1.03788789024e-99   3.69310986331e-100
   Ni-57       1.74786082439e-99   1.03788789024e-99   3.69310986331e-100
   Ni-58       9.93982015149e-07   5.82803218789e-07   4.02511761043e-07 
   Ni-59       1.24001643043e-09   1.54715840653e-09   2.89771929004e-09 
   Ni-60       4.02178735626e-07   2.43558987594e-07   1.83746097466e-07 
   Ni-61       2.0153054307e-08    1.47905162934e-08   1.60008298148e-08 
   Ni-62       6.15097935685e-08   4.11160713158e-08   3.88786274824e-08 
   Ni-63       8.90282125738e-10   6.20321361054e-11   2.28219822211e-11 
   Ni-64       1.92686246994e-08   1.59299453302e-08   1.38588555207e-08 
   Ni-65       4.88548475638e-22   1.47649534823e-21   3.49363119071e-22 
   Ni-66       3.57715531628e-22   2.85908162557e-28   6.12123378524e-28 
   Ni-67       2.00333865346e-41   1.03788789024e-99   3.69310986331e-100
   Ni-68       1.74786082439e-99   1.03788789024e-99   3.69310986331e-100
   Cu-60       3.5981759744e-32    7.929689306e-33     9.74679073891e-31 
   Cu-61       1.2183908114e-28    2.79208942573e-27   3.90935320059e-27 
   Cu-62       3.39049432426e-32   3.080648706e-32     1.73165844288e-31 
   Cu-63       1.22183978051e-08   1.00580429221e-08   1.12341060323e-08 
   Cu-64       1.09431103388e-17   4.97272954524e-19   3.90551866744e-19 
   Cu-65       6.65408146127e-09   5.30490268168e-09   6.26548153782e-09 
   Cu-66       7.67798367611e-25   1.27586537379e-25   4.65270305325e-25 
   Cu-67       1.35291995945e-22   3.51962359995e-28   9.16091736858e-28 
   Cu-68       3.35766387618e-39   1.03788789024e-99   3.69310986331e-100
   Cu-69       7.79571592288e-46   1.03788789024e-99   3.69310986331e-100
   Cu-70       1.74786082439e-99   1.03788789024e-99   3.69310986331e-100
   Cu-71       1.74786082439e-99   1.03788789024e-99   3.69310986331e-100
   Zn-62       1.74786082439e-99   1.03788789024e-99   3.69310986331e-100
   Zn-63       1.74786082439e-99   1.03788789024e-99   3.69310986331e-100
   Zn-64       1.99827425109e-08   1.25161667104e-08   1.02140288162e-08 
   Zn-65       3.26778280538e-11   1.4763706833e-12    3.90090687827e-13 
   Zn-66       1.28755832559e-08   8.2093253279e-09    7.30437010721e-09 
   Zn-67       2.00934875612e-09   1.30360596319e-09   1.23673876976e-09 
   Zn-68       9.59462211176e-09   5.9985793578e-09    5.49892726837e-09 
   Zn-69       3.48081782423e-23   6.44341997715e-23   6.35114581482e-23 
   Zn-70       2.7625746172e-10    1.62817326748e-10   1.13013726926e-10 
   Zn-71       1.15549296789e-28   2.17451506145e-29   2.71515144957e-28 
   Zn-72       1.47868110986e-26   8.62521172824e-59   1.13577989818e-50 
   Zn-73       5.42587313127e-54   1.03788789024e-99   3.69310986331e-100
   Zn-74       1.74786082439e-99   1.03788789024e-99   3.69310986331e-100
   Ga-65       1.32487263264e-34   1.64056637827e-34   7.30911883885e-34 
   Ga-66       3.7275172612e-40    1.03788789024e-99   3.69310986331e-100
   Ga-67       9.85041117766e-29   8.31178760196e-28   6.98241784516e-28 
   Ga-68       4.31932891614e-34   9.50353156854e-34   1.951210657e-31   
   Ga-69       1.01156922592e-09   6.54291721684e-10   6.39497085072e-10 
   Ga-70       1.39791359299e-24   1.41343318769e-24   2.4943093745e-24  
   Ga-71       7.02257280071e-10   4.81707016584e-10   4.64166642282e-10 
   Ga-72       3.23910326599e-19   1.73407043959e-20   1.37860515528e-20 
   Ga-73       1.9547199246e-25    5.11413771698e-29   1.21194576529e-28 
   Ga-74       6.60154495831e-37   1.89561687446e-86   3.69310986331e-100
   Ga-75       1.00213949783e-46   1.03788789024e-99   3.69310986331e-100
   Ge-66       1.74786082439e-99   1.03788789024e-99   3.69310986331e-100
   Ge-67       1.74786082439e-99   1.03788789024e-99   3.69310986331e-100
   Ge-68       1.74786082439e-99   1.03788789024e-99   3.69310986331e-100
   Ge-69       1.74786082439e-99   1.03788789024e-99   3.69310986331e-100
   Ge-70       1.24443041736e-09   8.17868342725e-10   8.08441132218e-10 
   Ge-71       4.56139252225e-15   7.85313213417e-18   2.31916843046e-18 
   Ge-72       1.60847406365e-09   9.80505809837e-10   8.63803047517e-10 
   Ge-73       4.61688074956e-10   2.75678294986e-10   2.39393455513e-10 
   Ge-74       2.37077307291e-09   1.37313859999e-09   1.14750310426e-09 
   Ge-75       8.12858812744e-23   6.00411417274e-23   5.20291767031e-23 
   Ge-76       3.43937012421e-10   2.01741067657e-10   1.39568713696e-10 
   Ge-77       7.89055185697e-22   3.55114391777e-23   6.58098075638e-23 
   Ge-78       9.79986151139e-31   7.16048771922e-40   1.1371824999e-33  
   As-69       1.74786082439e-99   1.03788789024e-99   3.69310986331e-100
   As-70       1.74786082439e-99   1.03788789024e-99   3.69310986331e-100
   As-71       6.0364818037e-35    4.93373615814e-37   2.14207315414e-30 
   As-72       1.74786082439e-99   1.03788789024e-99   3.69310986331e-100
   As-73       7.10746155726e-31   6.16547243263e-37   1.47781807813e-29 
   As-74       1.17772857073e-26   7.82703631708e-28   4.30025488929e-28 
   As-75       3.26091322508e-10   1.88384056969e-10   1.48012173564e-10 
   As-76       9.72216824948e-20   1.44910859556e-20   1.3397113776e-20  
   As-77       1.13225590306e-19   1.89748689045e-22   7.85352403513e-22 
   As-78       8.96868892804e-30   3.3048715475e-37    7.58172839029e-32 
   As-79       1.52466452162e-39   1.03788789024e-99   3.69310986331e-100
   As-80       1.74786082439e-99   1.03788789024e-99   3.69310986331e-100
   As-81       1.74786082439e-99   1.03788789024e-99   3.69310986331e-100
   Se-72       1.74786082439e-99   1.03788789024e-99   3.69310986331e-100
   Se-73       1.74786082439e-99   1.03788789024e-99   3.69310986331e-100
   Se-74       2.07778215952e-11   1.2096593329e-11    8.15918504138e-12 
   Se-75       3.00124809942e-18   2.28221538249e-20   6.44195030712e-20 
   Se-76       4.01446968622e-10   2.3052953354e-10    1.99466631866e-10 
   Se-77       2.55564036706e-10   1.4776156305e-10    1.16351313878e-10 
   Se-78       1.0511502334e-09    5.90923186877e-10   4.76742486204e-10 
   Se-79       7.45694689296e-11   3.2581312465e-11    1.40540510657e-11 
   Se-80       1.79304745577e-09   9.62993720459e-10   6.56406019701e-10 
   Se-81       8.20467963183e-25   1.24050421075e-25   4.39528462374e-25 
   Se-82       2.27974358344e-10   1.34087387226e-10   9.39897671668e-11 
   Se-83       1.45333277747e-27   1.13940731512e-27   4.76735246165e-27 
   Se-84       7.16004278149e-38   1.14398632406e-60   3.6932894322e-100 
   Br-74       1.74786082439e-99   1.03788789024e-99   3.69310986331e-100
   Br-75       1.74786082439e-99   1.03788789024e-99   3.69310986331e-100
   Br-76       1.74786082439e-99   1.03788789024e-99   3.69310986331e-100
   Br-77       1.74786082439e-99   1.03788789024e-99   1.31836377516e-54 
   Br-78       1.74786082439e-99   1.03788789024e-99   3.69310986331e-100
   Br-79       2.6407463384e-10    1.54602620191e-10   1.18663016049e-10 
   Br-80       7.45478156395e-25   3.7965891266e-25    9.83782285452e-25 
   Br-81       3.36829739904e-10   1.82174472041e-10   1.27160738686e-10 
   Br-82       1.09580259534e-17   9.66191641827e-21   3.21076077196e-20 
   Br-83       6.02770595255e-25   4.70912490786e-25   6.11535369658e-25 
   Br-84       2.22765330128e-33   4.93935041964e-39   2.79161267223e-36 
   Br-85       6.95926175261e-45   1.03788789024e-99   3.69310986331e-100
   Br-86       1.74786082439e-99   1.03788789024e-99   3.69310986331e-100
   Br-87       1.74786082439e-99   1.03788789024e-99   3.69310986331e-100
   Kr-76       1.74786082439e-99   1.03788789024e-99   3.69310986331e-100
   Kr-77       1.74786082439e-99   1.03788789024e-99   3.69310986331e-100
   Kr-78       6.76499121343e-12   3.93805701094e-12   2.65790868572e-12 
   Kr-79       1.16419810771e-22   3.86938093119e-24   2.59945715168e-23 
   Kr-80       5.51180472838e-11   3.79243731715e-11   4.00442141693e-11 
   Kr-81       3.9262072706e-12    7.21840223481e-12   1.13243769199e-11 
   Kr-82       5.02611818133e-10   2.85397095252e-10   2.30892844724e-10 
   Kr-83       3.31164983862e-10   1.87092739262e-10   1.38475208838e-10 
   Kr-84       1.8820045191e-09    9.82599388585e-10   7.32995128666e-10 
   Kr-85       2.27756651323e-11   3.38498503432e-16   4.42252687266e-16 
   Kr-86       1.52773491916e-09   3.57544980883e-10   2.85137632319e-10 
   Kr-87       4.9831074884e-24    3.80367093571e-25   8.77882400178e-25 
   Kr-88       2.28512957168e-29   1.29251482344e-57   1.07125932922e-33 
   Kr-89       3.56734954979e-43   1.03788789024e-99   3.69310986331e-100
   Kr-90       1.74786082439e-99   1.03788789024e-99   3.69310986331e-100
   Rb-79       1.74786082439e-99   1.03788789024e-99   3.69310986331e-100
   Rb-80       1.74786082439e-99   1.03788789024e-99   3.69310986331e-100
   Rb-81       1.74786082439e-99   1.03788789024e-99   3.69310986331e-100
   Rb-82       1.74786082439e-99   1.03788789024e-99   3.69310986331e-100
   Rb-83       2.71662434308e-70   1.03788789024e-99   3.69310986331e-100
   Rb-84       2.97487018863e-29   6.61598387501e-30   1.13785163636e-29 
   Rb-85       4.17903192133e-10   2.02397055069e-10   1.46508404921e-10 
   Rb-86       1.56934842319e-15   3.19437311495e-19   4.67056708589e-19 
   Rb-87       4.34793183494e-10   9.77665952673e-11   6.42582141005e-11 
   Rb-88       1.50515780453e-25   7.7103502589e-27    2.86736868577e-26 
   Rb-89       5.80508382967e-33   2.19265520276e-39   2.58997741794e-36 
   Rb-90       8.43487244869e-42   1.03788789024e-99   3.69310986331e-100
   Rb-91       1.74786082439e-99   1.03788789024e-99   3.69310986331e-100
   Sr-80       1.74786082439e-99   1.03788789024e-99   3.69310986331e-100
   Sr-81       1.74786082439e-99   1.03788789024e-99   3.69310986331e-100
   Sr-82       1.74786082439e-99   1.03788789024e-99   3.69310986331e-100
   Sr-83       1.74786082439e-99   1.03788789024e-99   3.69310986331e-100
   Sr-84       5.59892709668e-12   3.25722925696e-12   2.19189757376e-12 
   Sr-85       3.09657037057e-20   2.00106689169e-21   5.05475729159e-21 
   Sr-86       3.21744006666e-10   1.84913028502e-10   1.70725479247e-10 
   Sr-87       2.34434462343e-10   1.26079943161e-10   1.13075099264e-10 
   Sr-88       4.27965296893e-09   1.91357966581e-09   2.88518459463e-09 
   Sr-89       1.57259093777e-15   1.76223633105e-19   7.63558125674e-18 
   Sr-90       7.75531838422e-12   8.04453243955e-15   4.75246471285e-16 
   Sr-91       2.97444884295e-22   2.10887265529e-60   9.11582019512e-31 
   Sr-92       1.67699043762e-30   5.65983806252e-83   3.69310986331e-100
   Sr-93       4.9160094038e-45    1.03788789024e-99   3.69310986331e-100
   Sr-94       1.74786082439e-99   1.03788789024e-99   3.69310986331e-100
   Y-85        1.74786082439e-99   1.03788789024e-99   3.69310986331e-100
   Y-86        1.74786082439e-99   1.03788789024e-99   3.69310986331e-100
   Y-87        1.74786082439e-99   1.03788789024e-99   3.69310986331e-100
   Y-88        1.74786082439e-99   1.03788789024e-99   3.69310986331e-100
   Y-89        1.23423013232e-09   4.91936334428e-10   7.55605421972e-10 
   Y-90        2.0375994064e-15    2.04740555813e-18   2.97409796499e-19 
   Y-91        4.06992687465e-18   1.54948647962e-26   2.02535499876e-24 
   Y-92        1.24805375811e-28   2.08619091057e-79   8.86599518406e-100
   Y-93        5.43912617023e-30   1.03788789024e-99   3.69310986331e-100
   Y-94        1.29882707368e-44   1.03788789024e-99   3.69310986331e-100
   Y-95        1.74786082439e-99   1.03788789024e-99   3.69310986331e-100
   Y-96        1.74786082439e-99   1.03788789024e-99   3.69310986331e-100
   Zr-86       1.74786082439e-99   1.03788789024e-99   3.69310986331e-100
   Zr-87       1.74786082439e-99   1.03788789024e-99   3.69310986331e-100
   Zr-88       1.74786082439e-99   1.03788789024e-99   3.69310986331e-100
   Zr-89       1.74786082439e-99   1.03788789024e-99   3.69310986331e-100
   Zr-90       1.32747637659e-09   5.61020460154e-10   1.05544970995e-09 
   Zr-91       3.62738169226e-10   1.36787452798e-10   2.50394650578e-10 
   Zr-92       5.83379324127e-10   2.15846342751e-10   4.24057657962e-10 
   Zr-93       1.78407294624e-10   5.8672643214e-11    1.36368008803e-10 
   Zr-94       7.21118050763e-10   2.85415982409e-10   7.06426137958e-10 
   Zr-95       1.38490597642e-15   5.49679783121e-20   1.38851723376e-17 
   Zr-96       6.64017008742e-11   1.96604454431e-11   1.08807971961e-11 
   Zr-97       3.93437648136e-20   1.78570462373e-23   1.01698684087e-22 
   Zr-98       2.62674932987e-35   1.9662667298e-62    3.69310986331e-100
   Nb-89       1.74786082439e-99   1.03788789024e-99   3.69310986331e-100
   Nb-90       1.74786082439e-99   1.03788789024e-99   3.69310986331e-100
   Nb-91       1.43115911596e-30   1.03788789024e-99   3.69310986331e-100
   Nb-92       1.74786082439e-99   1.03788789024e-99   3.69310986331e-100
   Nb-93       3.29697464449e-11   1.94995271073e-11   1.93448468414e-11 
   Nb-94       1.18040251444e-16   2.14340201351e-15   2.9798641038e-15  
   Nb-95       3.97337502731e-16   3.83011954086e-20   1.10468030797e-17 
   Nb-96       2.48213549796e-22   1.82445099434e-28   1.51379261989e-25 
   Nb-97       3.01819691759e-21   1.36537238363e-24   7.78932579496e-24 
   Nb-98       8.21026878978e-31   1.91272613529e-58   3.37954494116e-35 
   Nb-99       2.2623214314e-40    1.03788789024e-99   3.69310986331e-100
   Mo-90       1.74786082439e-99   1.03788789024e-99   3.69310986331e-100
   Mo-91       1.74786082439e-99   1.03788789024e-99   3.69310986331e-100
   Mo-92       1.75820452768e-11   1.02785733845e-11   7.01562098391e-12 
   Mo-93       6.66803492156e-15   1.25999930071e-14   9.77215005759e-15 
   Mo-94       1.13399715107e-11   7.48098834881e-12   1.28551032389e-11 
   Mo-95       1.03815647005e-10   3.93130666763e-11   8.24110881065e-11 
   Mo-96       1.83997121975e-10   6.73368182376e-11   1.62425769459e-10 
   Mo-97       6.50435310528e-11   2.53596431495e-11   5.77029598524e-11 
   Mo-98       1.9995868142e-10    8.17513883821e-11   2.07605798548e-10 
   Mo-99       5.18901082988e-17   4.16492238806e-22   2.54027812448e-19 
   Mo-100      2.11952193758e-11   9.04916156634e-12   6.58026377388e-12 
   Mo-101      1.89815017088e-26   6.80565698528e-29   8.38004242655e-27 
   Mo-102      4.21778701549e-34   3.99720949679e-60   1.15988794718e-44 
   Tc-93       1.74786082439e-99   1.03788789024e-99   3.69310986331e-100
   Tc-94       1.74786082439e-99   1.03788789024e-99   3.69310986331e-100
   Tc-95       1.74786082439e-99   1.03788789024e-99   3.69310986331e-100
   Tc-96       1.74786082439e-99   1.03788789024e-99   3.69310986331e-100
   Tc-97       1.30234703086e-16   1.98450863041e-15   5.95007725605e-15 
   Tc-98       1.99093903086e-17   4.3025140625e-16    3.18724719392e-16 
   Tc-99       2.14357378068e-11   8.23803926034e-12   1.71136184522e-11 
   Tc-100      1.92264576692e-27   9.79311353166e-31   5.46895740335e-28 
   Tc-101      3.58874939224e-26   1.93995164555e-28   1.65523668055e-26 
   Tc-102      2.15655110845e-34   9.82777171711e-41   1.04984963322e-42 
   Tc-103      1.93841279171e-42   1.03788789024e-99   3.69310986331e-100
   Tc-104      1.74786082439e-99   1.03788789024e-99   3.69310986331e-100
   Tc-105      1.74786082439e-99   1.03788789024e-99   3.69310986331e-100
   Ru-94       1.74786082439e-99   1.03788789024e-99   3.69310986331e-100
   Ru-95       1.74786082439e-99   1.03788789024e-99   3.69310986331e-100
   Ru-96       5.07492536863e-12   2.95687088819e-12   1.9996472727e-12  
   Ru-97       9.35977780565e-22   8.73796306218e-24   4.83340380376e-23 
   Ru-98       1.74860568877e-12   1.02447446479e-12   7.07002237905e-13 
   Ru-99       1.29866476229e-11   7.34604700271e-12   1.50988402201e-11 
   Ru-100      9.06760836198e-11   3.77562685615e-11   1.0441538463e-10  
   Ru-101      3.43141502242e-11   1.63799823108e-11   2.8330888435e-11  
   Ru-102      1.45185388456e-10   6.11608208183e-11   1.49244122766e-10 
   Ru-103      2.25774294634e-17   4.72102272352e-22   2.54342772144e-19 
   Ru-104      2.49746616625e-11   1.22227933231e-11   9.17322429248e-12 
   Ru-105      6.86317484071e-23   4.35103289446e-25   1.364707993e-23   
   Ru-106      6.88949056565e-20   2.32315162683e-29   4.85737944916e-27 
   Rh-98       1.74786082439e-99   1.03788789024e-99   3.69310986331e-100
   Rh-99       1.74786082439e-99   1.03788789024e-99   3.69310986331e-100
   Rh-100      1.74786082439e-99   1.03788789024e-99   3.69310986331e-100
   Rh-101      1.74786082439e-99   1.03788789024e-99   3.69310986331e-100
   Rh-102      1.74786082439e-99   1.03788789024e-99   3.69310986331e-100
   Rh-103      3.88674423941e-11   1.84215700923e-11   3.21433880111e-11 
   Rh-104      5.47094541039e-27   7.76131795204e-30   1.55405054858e-26 
   Rh-105      7.11327868691e-19   1.53667481456e-23   1.86793804926e-21 
   Rh-106      6.79603987916e-26   3.00641664994e-60   2.76590625605e-35 
   Rh-107      1.01546052835e-36   1.03788789024e-99   3.69310986331e-100
   Rh-108      1.08105731602e-45   1.03788789024e-99   3.69310986331e-100
   Pd-99       1.74786082439e-99   1.03788789024e-99   3.69310986331e-100
   Pd-100      1.74786082439e-99   1.03788789024e-99   3.69310986331e-100
   Pd-101      1.74786082439e-99   1.03788789024e-99   3.69310986331e-100
   Pd-102      7.3562134809e-13    4.27942403763e-13   2.8795051804e-13  
   Pd-103      8.92948318909e-23   2.93368816384e-23   5.17052202648e-23 
   Pd-104      6.89316139956e-11   2.78542870791e-11   8.07818008018e-11 
   Pd-105      3.31546066402e-11   1.57857780028e-11   2.70265978975e-11 
   Pd-106      9.56494320191e-11   4.00290253028e-11   1.00852424831e-10 
   Pd-107      1.49158263821e-11   5.58723524659e-12   1.84254366619e-11 
   Pd-108      1.15968343465e-10   4.76673187662e-11   1.26296243228e-10 
   Pd-109      3.07417262913e-19   6.12241903295e-23   2.62906820407e-20 
   Pd-110      1.76018507087e-11   7.25005947874e-12   5.88202857402e-12 
   Pd-111      7.0828682524e-26    2.11141107649e-28   4.43627464679e-26 
   Pd-112      2.7607163249e-25    3.66559400746e-58   1.64905641992e-29 
   Ag-101      1.74786082439e-99   1.03788789024e-99   3.69310986331e-100
   Ag-102      1.74786082439e-99   1.03788789024e-99   3.69310986331e-100
   Ag-103      1.74786082439e-99   1.03788789024e-99   3.69310986331e-100
   Ag-104      1.74786082439e-99   1.03788789024e-99   3.69310986331e-100
   Ag-105      1.74786082439e-99   1.03788789024e-99   3.69310986331e-100
   Ag-106      1.74786082439e-99   1.03788789024e-99   3.69310986331e-100
   Ag-107      1.36022769846e-11   7.91052022591e-12   5.54527478647e-12 
   Ag-108      1.58193666764e-29   5.41262232648e-30   1.20234216867e-27 
   Ag-109      4.04135984088e-11   1.78040498418e-11   3.93202691506e-11 
   Ag-110      8.92639071626e-27   8.96103008861e-30   2.55092648827e-26 
   Ag-111      2.19595403563e-17   3.65651510253e-23   8.57026052158e-21 
   Ag-112      3.47565281261e-26   8.71797713536e-59   5.29668925225e-30 
   Ag-113      6.98243288833e-36   1.03788789024e-99   3.69310986331e-100
   Cd-102      1.74786082439e-99   1.03788789024e-99   3.69310986331e-100
   Cd-103      1.74786082439e-99   1.03788789024e-99   3.69310986331e-100
   Cd-104      1.74786082439e-99   1.03788789024e-99   3.69310986331e-100
   Cd-105      1.74786082439e-99   1.03788789024e-99   3.69310986331e-100
   Cd-106      1.10071776349e-12   6.40614183957e-13   4.31711495413e-13 
   Cd-107      3.72998366041e-26   7.71236847924e-26   1.65321510695e-25 
   Cd-108      8.05090601018e-13   5.17657362167e-13   8.45851491812e-13 
   Cd-109      5.95687870138e-17   5.84657958797e-20   3.70709683265e-18 
   Cd-110      9.04439193183e-11   3.64004519521e-11   1.06634066325e-10 
   Cd-111      3.98607000133e-11   1.71544878845e-11   3.99069032474e-11 
   Cd-112      1.29896738199e-10   5.25762770437e-11   1.43617563172e-10 
   Cd-113      4.31895987426e-11   1.83598430537e-11   4.50860411957e-11 
   Cd-114      1.866974457e-10     7.45833067638e-11   2.13939546783e-10 
   Cd-115      1.28146634221e-15   1.51408657628e-20   1.65346009095e-18 
   Cd-116      2.55827794814e-11   7.61609180973e-12   6.01873332211e-12 
   Cd-117      2.6535763412e-23    7.17875396555e-26   3.14386374595e-24 
   Cd-118      2.12865342052e-30   1.21656223739e-58   1.61367274685e-33 
   In-106      1.74786082439e-99   1.03788789024e-99   3.69310986331e-100
   In-107      1.74786082439e-99   1.03788789024e-99   3.69310986331e-100
   In-108      1.74786082439e-99   1.03788789024e-99   3.69310986331e-100
   In-109      1.74786082439e-99   1.03788789024e-99   3.69310986331e-100
   In-110      1.74786082439e-99   1.03788789024e-99   3.69310986331e-100
   In-111      1.74786082439e-99   1.03788789024e-99   3.69310986331e-100
   In-112      1.74786082439e-99   1.03788789024e-99   3.69310986331e-100
   In-113      4.5174548387e-13    2.6362469314e-13    1.7936063869e-13  
   In-114      2.99421862649e-31   1.84745377706e-31   3.33396828077e-30 
   In-115      4.20384635168e-11   1.7692496878e-11    4.45693307311e-11 
   In-116      2.28795930777e-27   1.66234943567e-30   6.76637333049e-27 
   In-117      1.07651769796e-23   2.88278176183e-26   1.23703428607e-24 
   In-118      1.91224925147e-31   1.08774500485e-59   1.32665115236e-35 
   In-119      5.12604766948e-39   1.03788789024e-99   3.69310986331e-100
   Sn-108      1.74786082439e-99   1.03788789024e-99   3.69310986331e-100
   Sn-109      1.74786082439e-99   1.03788789024e-99   3.69310986331e-100
   Sn-110      1.74786082439e-99   1.03788789024e-99   3.69310986331e-100
   Sn-111      1.74786082439e-99   1.03788789024e-99   3.69310986331e-100
   Sn-112      2.11800266803e-12   1.23393218661e-12   8.34115388141e-13 
   Sn-113      3.6950789122e-21    2.39409749476e-22   4.60419510559e-22 
   Sn-114      1.46543755982e-12   8.61417501441e-13   5.98304310124e-13 
   Sn-115      7.60611012735e-13   4.46413859653e-13   3.08680172205e-13 
   Sn-116      2.38323989231e-10   9.58071847271e-11   2.81878008483e-10 
   Sn-117      8.5406683961e-11    3.48334289032e-11   9.36844857483e-11 
   Sn-118      3.87765426686e-10   1.47934921934e-10   4.17761944412e-10 
   Sn-119      1.21013721648e-10   4.67212785954e-11   1.33578747317e-10 
   Sn-120      6.04731447808e-10   2.23385737725e-10   6.85632873749e-10 
   Sn-121      3.14230121914e-17   1.59395949032e-22   2.09509673974e-19 
   Sn-122      5.58810931607e-11   1.7505840897e-11    3.42666191647e-11 
   Sn-123      6.69015771125e-18   3.29193955109e-22   2.94695521293e-20 
   Sn-124      1.43048868959e-11   8.31113437697e-12   5.78238055708e-12 
   Sn-125      2.85270264957e-21   1.30538368597e-23   6.63481097811e-23 
   Sn-126      2.77907787465e-16   1.44907435417e-16   3.14747452196e-17 
   Sn-127      5.95442577953e-31   1.57243674972e-30   5.07121116505e-33 
   Sn-128      3.90597858973e-41   1.03788789024e-99   3.69310986331e-100
   Sn-129      1.74786082439e-99   1.03788789024e-99   3.69310986331e-100
   Sn-130      1.74786082439e-99   1.03788789024e-99   3.69310986331e-100
   Sb-112      1.74786082439e-99   1.03788789024e-99   3.69310986331e-100
   Sb-113      1.74786082439e-99   1.03788789024e-99   3.69310986331e-100
   Sb-114      1.74786082439e-99   1.03788789024e-99   3.69310986331e-100
   Sb-115      1.74786082439e-99   1.03788789024e-99   3.69310986331e-100
   Sb-116      1.74786082439e-99   1.03788789024e-99   3.69310986331e-100
   Sb-117      1.74786082439e-99   1.03788789024e-99   3.69310986331e-100
   Sb-118      1.74786082439e-99   1.03788789024e-99   3.69310986331e-100
   Sb-119      1.74786082439e-99   1.03788789024e-99   3.69310986331e-100
   Sb-120      1.74786082439e-99   1.03788789024e-99   3.69310986331e-100
   Sb-121      5.21779388949e-11   2.02655039797e-11   5.64869283268e-11 
   Sb-122      5.55803907885e-17   2.34181616558e-22   3.09155498146e-19 
   Sb-123      1.59405644918e-11   6.98708382847e-12   7.99348957195e-12 
   Sb-124      2.74936693327e-23   1.04328527137e-24   8.2130959938e-23  
   Sb-125      1.87490931231e-16   2.84380029764e-20   7.34794958347e-20 
   Sb-126      6.79944824553e-23   2.68259673998e-23   8.14422726175e-24 
   Sb-127      2.72680952363e-23   1.30481505116e-26   9.08258493989e-28 
   Sb-128      1.65278494425e-35   6.72151752985e-93   3.69310986331e-100
   Sb-129      1.80477046959e-44   1.03788789024e-99   3.69310986331e-100
   Sb-130      1.74786082439e-99   1.03788789024e-99   3.69310986331e-100
   Sb-131      1.74786082439e-99   1.03788789024e-99   3.69310986331e-100
   Sb-132      1.74786082439e-99   1.03788789024e-99   3.69310986331e-100
   Sb-133      1.74786082439e-99   1.03788789024e-99   3.69310986331e-100
   Te-114      1.74786082439e-99   1.03788789024e-99   3.69310986331e-100
   Te-115      1.74786082439e-99   1.03788789024e-99   3.69310986331e-100
   Te-116      1.74786082439e-99   1.03788789024e-99   3.69310986331e-100
   Te-117      1.74786082439e-99   1.03788789024e-99   3.69310986331e-100
   Te-118      1.74786082439e-99   1.03788789024e-99   3.69310986331e-100
   Te-119      1.74786082439e-99   1.03788789024e-99   3.69310986331e-100
   Te-120      2.82424402627e-13   1.64214239878e-13   1.1028068521e-13  
   Te-121      1.34337925629e-23   6.38894927372e-24   1.1110690715e-23  
   Te-122      7.33319314263e-11   2.70811521959e-11   9.27385579023e-11 
   Te-123      2.56558853185e-11   9.59544039466e-12   3.37372678177e-11 
   Te-124      1.4470787607e-10    5.53655297923e-11   1.8929790707e-10  
   Te-125      6.50228248382e-11   2.8498936026e-11    7.14730447747e-11 
   Te-126      3.06564838483e-10   1.24006611187e-10   3.84425781093e-10 
   Te-127      7.36733979603e-20   3.26046898473e-23   1.53829679106e-20 
   Te-128      1.24477762605e-10   6.92938747479e-11   9.15066478951e-11 
   Te-129      1.32652390831e-24   4.74634248141e-26   5.11743447858e-24 
   Te-130      1.08462902953e-10   6.36938689876e-11   4.44561983233e-11 
   Te-131      1.07533328468e-27   8.46392674312e-28   3.85408038621e-27 
   Te-132      6.70157669732e-26   9.68573589124e-59   3.6292553358e-50  
   Te-133      1.89857992262e-43   1.03788789024e-99   3.69310986331e-100
   Te-134      1.74786082439e-99   1.03788789024e-99   3.69310986331e-100
   I-117       1.74786082439e-99   1.03788789024e-99   3.69310986331e-100
   I-118       1.74786082439e-99   1.03788789024e-99   3.69310986331e-100
   I-119       1.74786082439e-99   1.03788789024e-99   3.69310986331e-100
   I-120       1.74786082439e-99   1.03788789024e-99   3.69310986331e-100
   I-121       1.74786082439e-99   1.03788789024e-99   3.69310986331e-100
   I-122       1.74786082439e-99   1.03788789024e-99   3.69310986331e-100
   I-123       1.74786082439e-99   1.03788789024e-99   3.69310986331e-100
   I-124       1.74786082439e-99   1.03788789024e-99   3.69310986331e-100
   I-125       3.68042783041e-23   4.87058899747e-23   1.068127523e-22   
   I-126       6.17734914198e-27   1.53781170115e-29   3.62093671012e-29 
   I-127       5.81320142557e-11   2.66071469771e-11   5.78365842488e-11 
   I-128       1.50360812426e-24   8.25109186822e-27   6.37483889453e-24 
   I-129       3.75960233914e-13   2.6221791343e-13    1.62822832348e-13 
   I-130       3.30971845729e-23   6.57960825387e-28   1.94330093613e-25 
   I-131       2.86495810394e-19   1.62939065328e-22   5.74089056163e-22 
   I-132       2.06579147084e-27   1.97788672127e-39   7.14944966433e-33 
   I-133       5.68601707145e-29   1.03788789024e-99   3.69310986331e-100
   I-134       7.9236447882e-45    1.03788789024e-99   3.69310986331e-100
   I-135       5.65061489625e-47   1.03788789024e-99   3.69310986331e-100
   Xe-118      1.74786082439e-99   1.03788789024e-99   3.69310986331e-100
   Xe-119      1.74786082439e-99   1.03788789024e-99   3.69310986331e-100
   Xe-120      1.74786082439e-99   1.03788789024e-99   3.69310986331e-100
   Xe-121      1.74786082439e-99   1.03788789024e-99   3.69310986331e-100
   Xe-122      1.74786082439e-99   1.03788789024e-99   3.69310986331e-100
   Xe-123      1.74786082439e-99   1.03788789024e-99   3.69310986331e-100
   Xe-124      3.83230375366e-13   2.22780809917e-13   1.49463591965e-13 
   Xe-125      1.70115922223e-25   1.31048503091e-25   3.69655961682e-25 
   Xe-126      3.38104525971e-13   1.96830933157e-13   1.32624257668e-13 
   Xe-127      1.79051724531e-22   3.89633571126e-23   8.69073330016e-23 
   Xe-128      8.50376682895e-11   3.21415427801e-11   1.21919677754e-10 
   Xe-129      1.18060983904e-10   6.14161470587e-11   8.60133098206e-11 
   Xe-130      1.8153827961e-10    7.17809632168e-11   2.90189099583e-10 
   Xe-131      1.32911765768e-10   6.44045881116e-11   1.32182492013e-10 
   Xe-132      4.2723879219e-10    1.76033709038e-10   5.81562950889e-10 
   Xe-133      1.88813120409e-16   7.16172915206e-22   7.44937510489e-19 
   Xe-134      6.24018347776e-11   2.49365399432e-11   1.98128952617e-11 
   Xe-135      2.20392250082e-21   4.22580516523e-24   5.94745490014e-23 
   Xe-136      2.6502813602e-11    1.53968932074e-11   1.09585990169e-11 
   Xe-137      4.48564382222e-30   3.39258606826e-31   5.37644861884e-30 
   Xe-138      3.17789431547e-40   1.03788789024e-99   3.69310986331e-100
   Cs-123      1.74786082439e-99   1.03788789024e-99   3.69310986331e-100
   Cs-124      1.74786082439e-99   1.03788789024e-99   3.69310986331e-100
   Cs-125      1.74786082439e-99   1.03788789024e-99   3.69310986331e-100
   Cs-126      1.74786082439e-99   1.03788789024e-99   3.69310986331e-100
   Cs-127      1.74786082439e-99   1.03788789024e-99   3.69310986331e-100
   Cs-128      1.74786082439e-99   1.03788789024e-99   3.69310986331e-100
   Cs-129      1.74786082439e-99   1.03788789024e-99   3.69310986331e-100
   Cs-130      1.74786082439e-99   1.03788789024e-99   3.69310986331e-100
   Cs-131      7.69092973465e-24   2.92589272352e-24   4.228485757e-24   
   Cs-132      3.49386462717e-28   3.59267471126e-34   4.65353375705e-32 
   Cs-133      7.20547460744e-11   3.17414299584e-11   8.27262519272e-11 
   Cs-134      3.61062659093e-15   1.26435658961e-19   2.19983535108e-17 
   Cs-135      3.30535254934e-11   9.41361437694e-12   1.28438902594e-11 
   Cs-136      1.89198814151e-16   1.00033032649e-21   1.02220608858e-19 
   Cs-137      9.4848911565e-12    7.56464007699e-15   9.12940606977e-16 
   Cs-138      4.0173701994e-27    9.69704990908e-36   2.17778835552e-33 
   Cs-139      2.53282505161e-37   1.03788789024e-99   3.69310986331e-100
   Ba-124      1.74786082439e-99   1.03788789024e-99   3.69310986331e-100
   Ba-125      1.74786082439e-99   1.03788789024e-99   3.69310986331e-100
   Ba-126      1.74786082439e-99   1.03788789024e-99   3.69310986331e-100
   Ba-127      1.74786082439e-99   1.03788789024e-99   3.69310986331e-100
   Ba-128      1.74786082439e-99   1.03788789024e-99   3.69310986331e-100
   Ba-129      1.74786082439e-99   1.03788789024e-99   3.69310986331e-100
   Ba-130      3.14685734987e-13   1.8291399448e-13    1.22661220831e-13 
   Ba-131      1.28232259675e-23   2.7681649382e-24    5.54477296763e-24 
   Ba-132      3.05640832095e-13   1.77850845801e-13   1.19732355783e-13 
   Ba-133      1.4805157631e-22    1.39924602952e-23   2.42244309968e-23 
   Ba-134      1.20442779748e-10   4.78846060371e-11   2.20180996143e-10 
   Ba-135      5.81496338486e-11   2.70324765046e-11   8.61339227192e-11 
   Ba-136      3.76873927387e-10   1.45485222299e-10   5.91672122117e-10 
   Ba-137      3.38228963283e-10   1.30482214522e-10   4.96352956057e-10 
   Ba-138      4.80759517968e-09   1.71631554525e-09   7.59705438078e-09 
   Ba-139      5.29936055621e-23   1.77166677007e-25   1.54300402757e-22 
   Ba-140      2.22054535009e-21   7.68661334276e-38   5.92412784488e-27 
   Ba-141      1.47769343035e-38   1.03788789024e-99   3.69310986331e-100
   Ba-142      3.16854264142e-52   1.03788789024e-99   3.69310986331e-100
   La-127      1.74786082439e-99   1.03788789024e-99   3.69310986331e-100
   La-128      1.74786082439e-99   1.03788789024e-99   3.69310986331e-100
   La-129      1.74786082439e-99   1.03788789024e-99   3.69310986331e-100
   La-130      1.74786082439e-99   1.03788789024e-99   3.69310986331e-100
   La-131      1.74786082439e-99   1.03788789024e-99   3.69310986331e-100
   La-132      1.74786082439e-99   1.03788789024e-99   3.69310986331e-100
   La-133      1.74786082439e-99   1.03788789024e-99   3.69310986331e-100
   La-134      1.74786082439e-99   1.03788789024e-99   3.69310986331e-100
   La-135      1.74786082439e-99   1.03788789024e-99   3.69310986331e-100
   La-136      1.74786082439e-99   1.03788789024e-99   3.69310986331e-100
   La-137      9.80912777652e-22   3.38176158718e-19   1.40764679766e-19 
   La-138      2.76975278896e-14   1.6051087209e-14    1.07604243152e-14 
   La-139      5.85158559251e-10   2.09147044113e-10   9.21127696589e-10 
   La-140      1.55675250814e-17   7.71215588213e-23   2.66897077799e-19 
   La-141      1.35720563327e-25   9.55468850503e-38   5.87321177245e-28 
   La-142      4.93547926164e-33   1.03788789024e-99   3.69310986331e-100
   La-143      2.67023947416e-42   1.03788789024e-99   3.69310986331e-100
   Ce-130      1.74786082439e-99   1.03788789024e-99   3.69310986331e-100
   Ce-131      1.74786082439e-99   1.03788789024e-99   3.69310986331e-100
   Ce-132      1.74786082439e-99   1.03788789024e-99   3.69310986331e-100
   Ce-133      1.74786082439e-99   1.03788789024e-99   3.69310986331e-100
   Ce-134      1.74786082439e-99   1.03788789024e-99   3.69310986331e-100
   Ce-135      1.74786082439e-99   1.03788789024e-99   3.69310986331e-100
   Ce-136      1.4538265372e-13    8.46169243628e-14   5.70053324009e-14 
   Ce-137      5.77617019268e-27   1.85789293728e-26   3.92198860604e-26 
   Ce-138      1.9915880323e-13    1.16159602463e-13   7.87336042855e-14 
   Ce-139      1.5720746934e-20    1.14759040318e-22   3.6719789966e-22  
   Ce-140      1.77411018461e-09   7.15902551381e-10   3.318962065e-09   
   Ce-141      1.0404058237e-15    6.16088002513e-21   8.55020234521e-18 
   Ce-142      6.0434585823e-11    1.53309666854e-11   1.16206991612e-11 
   Ce-143      9.16159216609e-19   8.931319191e-24     1.35745366113e-21 
   Ce-144      6.81066045542e-19   7.93923795699e-28   1.07461057088e-25 
   Ce-145      7.16071166439e-38   1.03788789024e-99   3.69310986331e-100
   Ce-146      4.14995262707e-42   1.03788789024e-99   3.69310986331e-100
   Pr-133      1.74786082439e-99   1.03788789024e-99   3.69310986331e-100
   Pr-134      1.74786082439e-99   1.03788789024e-99   3.69310986331e-100
   Pr-135      1.74786082439e-99   1.03788789024e-99   3.69310986331e-100
   Pr-136      1.74786082439e-99   1.03788789024e-99   3.69310986331e-100
   Pr-137      1.74786082439e-99   1.03788789024e-99   3.69310986331e-100
   Pr-138      1.74786082439e-99   1.03788789024e-99   3.69310986331e-100
   Pr-139      1.74786082439e-99   1.03788789024e-99   3.69310986331e-100
   Pr-140      1.74786082439e-99   1.03788789024e-99   3.69310986331e-100
   Pr-141      1.8468846343e-10    6.90127932471e-11   2.72688536648e-10 
   Pr-142      1.71197147725e-17   3.4098138339e-23    2.23390037964e-19 
   Pr-143      5.736131216e-17     2.45483549766e-22   1.02141496141e-20 
   Pr-144      2.87538720645e-23   1.38763162042e-31   5.28067870531e-30 
   Pr-145      1.4887256066e-29    7.13179929783e-84   3.77636891952e-100
   Pr-146      9.60005282253e-40   1.03788789024e-99   3.69310986331e-100
   Pr-147      3.3177605313e-43    1.03788789024e-99   3.69310986331e-100
   Pr-148      1.74786082439e-99   1.03788789024e-99   3.69310986331e-100
   Pr-149      1.74786082439e-99   1.03788789024e-99   3.69310986331e-100
   Nd-134      1.74786082439e-99   1.03788789024e-99   3.69310986331e-100
   Nd-135      1.74786082439e-99   1.03788789024e-99   3.69310986331e-100
   Nd-136      1.74786082439e-99   1.03788789024e-99   3.69310986331e-100
   Nd-137      1.74786082439e-99   1.03788789024e-99   3.69310986331e-100
   Nd-138      1.74786082439e-99   1.03788789024e-99   3.69310986331e-100
   Nd-139      1.74786082439e-99   1.03788789024e-99   3.69310986331e-100
   Nd-140      1.74786082439e-99   1.03788789024e-99   3.69310986331e-100
   Nd-141      3.84366963423e-35   8.06686318967e-59   1.56128258918e-34 
   Nd-142      4.72553120505e-10   1.91308904748e-10   8.73601383042e-10 
   Nd-143      7.98676552682e-11   3.12492673646e-11   1.18739664008e-10 
   Nd-144      2.54195745175e-10   9.38430350331e-11   3.79598265643e-10 
   Nd-145      4.95868357139e-11   1.87005356854e-11   6.88695479648e-11 
   Nd-146      2.30614247367e-10   8.75344351445e-11   3.74859517025e-10 
   Nd-147      4.39261033247e-16   7.39295178287e-22   1.10055215184e-18 
   Nd-148      3.09673377164e-11   8.14464173669e-12   1.0529988626e-11  
   Nd-149      2.35609273378e-23   1.6998341825e-26    9.42706939422e-24 
   Nd-150      4.0641993279e-12    2.22129573938e-12   1.50745103511e-12 
   Nd-151      8.66169372307e-28   1.46647101466e-29   3.43127680113e-28 
   Nd-152      1.7797368137e-35    9.12745574427e-61   1.49824207764e-51 
   Pm-137      1.74786082439e-99   1.03788789024e-99   3.69310986331e-100
   Pm-138      1.74786082439e-99   1.03788789024e-99   3.69310986331e-100
   Pm-139      1.74786082439e-99   1.03788789024e-99   3.69310986331e-100
   Pm-140      1.74786082439e-99   1.03788789024e-99   3.69310986331e-100
   Pm-141      1.74786082439e-99   1.03788789024e-99   3.69310986331e-100
   Pm-142      1.74786082439e-99   1.03788789024e-99   3.69310986331e-100
   Pm-143      1.74786082439e-99   1.03788789024e-99   3.69310986331e-100
   Pm-144      1.74786082439e-99   1.03788789024e-99   3.69310986331e-100
   Pm-145      1.42607060834e-17   7.72195712421e-20   7.0622241384e-20  
   Pm-146      2.08872186031e-21   9.41211855639e-26   3.35677227312e-25 
   Pm-147      4.03611202597e-14   3.50689248814e-19   5.39098553217e-16 
   Pm-148      5.49568012342e-19   1.19145342799e-26   8.44742857775e-23 
   Pm-149      7.82338976247e-18   6.38439595831e-24   1.54267673189e-20 
   Pm-150      5.1710852098e-26    3.55760694901e-40   7.09276651889e-29 
   Pm-151      2.07076717197e-20   2.394666577e-24     3.8203855441e-23  
   Pm-152      5.18545323763e-32   1.98890643423e-58   3.87210869599e-35 
   Pm-153      2.58093635196e-39   1.03788789024e-99   3.69310986331e-100
   Pm-154      9.54948026566e-50   1.03788789024e-99   3.69310986331e-100
   Sm-140      1.74786082439e-99   1.03788789024e-99   3.69310986331e-100
   Sm-141      1.74786082439e-99   1.03788789024e-99   3.69310986331e-100
   Sm-142      1.74786082439e-99   1.03788789024e-99   3.69310986331e-100
   Sm-143      1.74786082439e-99   1.03788789024e-99   3.69310986331e-100
   Sm-144      6.39452416263e-13   3.7369417808e-13    2.5481381826e-13  
   Sm-145      3.24905756197e-19   8.80405681579e-22   3.2967689838e-21  
   Sm-146      2.27330555237e-16   5.43435230642e-16   8.56533984752e-16 
   Sm-147      2.74198211518e-11   1.08614628449e-11   3.83392152468e-11 
   Sm-148      5.66922639566e-11   2.4186590058e-11    1.21883660399e-10 
   Sm-149      1.26990589441e-11   5.39636834309e-12   1.78864829832e-11 
   Sm-150      4.6009286191e-11    1.82617400612e-11   7.72702520075e-11 
   Sm-151      2.68985364415e-12   1.50140750425e-13   1.17320388175e-13 
   Sm-152      4.42509153169e-11   1.82989689159e-11   5.33795749038e-11 
   Sm-153      1.64633624617e-17   5.14792651062e-23   1.77146471011e-19 
   Sm-154      1.62973193859e-11   5.82837341451e-12   5.69719155402e-12 
   Sm-155      1.21799429153e-25   1.17092839673e-28   1.11657067242e-25 
   Sm-156      2.71420885658e-26   4.62174687379e-59   8.04068640757e-30 
   Sm-157      4.56875257851e-39   1.03788789024e-99   3.69310986331e-100
   Sm-158      3.4169783743e-50    1.03788789024e-99   3.69310986331e-100
   Eu-143      1.74786082439e-99   1.03788789024e-99   3.69310986331e-100
   Eu-144      1.74786082439e-99   1.03788789024e-99   3.69310986331e-100
   Eu-145      1.74786082439e-99   1.03788789024e-99   3.69310986331e-100
   Eu-146      1.74786082439e-99   1.03788789024e-99   3.69310986331e-100
   Eu-147      1.74786082439e-99   1.03788789024e-99   3.69310986331e-100
   Eu-148      1.74786082439e-99   1.03788789024e-99   3.69310986331e-100
   Eu-149      1.74786082439e-99   1.03788789024e-99   3.69310986331e-100
   Eu-150      1.74786082439e-99   1.03788789024e-99   3.69310986331e-100
   Eu-151      7.12729548673e-12   4.38549575952e-12   1.12602984844e-11 
   Eu-152      3.44674320814e-15   8.7540343363e-20    3.83683301706e-18 
   Eu-153      1.12887541609e-11   5.09512501178e-12   1.2180177118e-11  
   Eu-154      8.5581382396e-15    1.39338085944e-19   6.52730456777e-18 
   Eu-155      2.97876626303e-14   4.07589864961e-20   1.69343181406e-17 
   Eu-156      1.6304803706e-23    4.96645428986e-28   3.39990213621e-25 
   Eu-157      7.541689279e-26     1.87034638686e-82   1.38668660594e-33 
   Eu-158      1.29200630818e-38   1.03788789024e-99   3.69310986331e-100
   Eu-159      1.76602615446e-44   1.03788789024e-99   3.69310986331e-100
   Gd-144      1.74786082439e-99   1.03788789024e-99   3.69310986331e-100
   Gd-145      1.74786082439e-99   1.03788789024e-99   3.69310986331e-100
   Gd-146      1.74786082439e-99   1.03788789024e-99   3.69310986331e-100
   Gd-147      1.74786082439e-99   1.03788789024e-99   3.69310986331e-100
   Gd-148      1.74786082439e-99   1.03788789024e-99   3.69310986331e-100
   Gd-149      1.74786082439e-99   1.03788789024e-99   3.69310986331e-100
   Gd-150      1.74786082439e-99   1.03788789024e-99   3.69310986331e-100
   Gd-151      1.74786082439e-99   1.03788789024e-99   3.69310986331e-100
   Gd-152      1.15616303512e-12   3.25334075499e-13   5.42419607503e-12 
   Gd-153      1.1523576808e-15    3.41735065914e-20   7.52203482861e-17 
   Gd-154      1.69240118975e-11   6.2880170016e-12    2.59464302423e-11 
   Gd-155      1.24594209298e-11   5.24932783055e-12   1.24524928641e-11 
   Gd-156      3.8233420231e-11    1.42678103161e-11   5.04333481073e-11 
   Gd-157      1.90156550462e-11   7.40611661052e-12   2.37847605814e-11 
   Gd-158      6.69231280206e-11   2.45674992213e-11   9.92318913197e-11 
   Gd-159      1.17528445531e-18   3.11930569082e-23   6.76940082538e-20 
   Gd-160      1.36734085706e-11   5.21519084032e-12   4.82604973551e-12 
   Gd-161      3.52194327329e-27   1.98862768781e-30   2.98327459826e-27 
   Gd-162      9.25013006913e-35   1.91819415354e-62   1.02407446144e-37 
   Tb-147      1.74786082439e-99   1.03788789024e-99   3.69310986331e-100
   Tb-148      1.74786082439e-99   1.03788789024e-99   3.69310986331e-100
   Tb-149      1.74786082439e-99   1.03788789024e-99   3.69310986331e-100
   Tb-150      1.74786082439e-99   1.03788789024e-99   3.69310986331e-100
   Tb-151      1.74786082439e-99   1.03788789024e-99   3.69310986331e-100
   Tb-152      1.74786082439e-99   1.03788789024e-99   3.69310986331e-100
   Tb-153      1.74786082439e-99   1.03788789024e-99   3.69310986331e-100
   Tb-154      1.74786082439e-99   1.03788789024e-99   3.69310986331e-100
   Tb-155      1.74786082439e-99   1.03788789024e-99   3.69310986331e-100
   Tb-156      1.74786082439e-99   1.03788789024e-99   3.69310986331e-100
   Tb-157      7.13934878795e-14   6.67909276266e-16   1.72592805384e-14 
   Tb-158      4.98742643464e-15   1.78666894337e-16   3.04492896449e-16 
   Tb-159      1.78413475375e-11   7.31932185044e-12   2.27324213436e-11 
   Tb-160      1.46615922343e-15   1.21680938442e-20   3.213323123e-18   
   Tb-161      2.40914078962e-17   2.32072262372e-23   1.29566483281e-20 
   Tb-162      1.19334829501e-30   6.60681449175e-59   5.84358982381e-33 
   Tb-163      5.50334375363e-37   1.03788789024e-99   3.69310986331e-100
   Tb-164      1.29676438532e-45   1.03788789024e-99   3.69310986331e-100
   Tb-165      1.74786082439e-99   1.03788789024e-99   3.69310986331e-100
   Dy-148      1.74786082439e-99   1.03788789024e-99   3.69310986331e-100
   Dy-149      1.74786082439e-99   1.03788789024e-99   3.69310986331e-100
   Dy-150      1.74786082439e-99   1.03788789024e-99   3.69310986331e-100
   Dy-151      1.74786082439e-99   1.03788789024e-99   3.69310986331e-100
   Dy-152      1.74786082439e-99   1.03788789024e-99   3.69310986331e-100
   Dy-153      1.74786082439e-99   1.03788789024e-99   3.69310986331e-100
   Dy-154      1.74786082439e-99   1.03788789024e-99   3.69310986331e-100
   Dy-155      1.74786082439e-99   1.03788789024e-99   3.69310986331e-100
   Dy-156      1.74084179296e-14   1.01165008368e-14   6.77417614843e-15 
   Dy-157      1.05656168502e-27   2.3474554267e-27    2.48298366066e-27 
   Dy-158      3.74756298703e-14   1.80711039105e-14   4.5766971326e-14  
   Dy-159      1.78065127234e-17   5.09134407689e-22   6.03294688762e-19 
   Dy-160      2.16749230714e-11   7.66714094254e-12   3.57444450601e-11 
   Dy-161      1.67478716014e-11   7.16937873564e-12   1.90118046252e-11 
   Dy-162      5.30302931199e-11   2.07662194685e-11   7.82243480054e-11 
   Dy-163      1.0962939526e-11    7.5088481684e-12    1.53712562761e-11 
   Dy-164      6.71624484398e-11   3.15688210796e-11   1.25181107726e-10 
   Dy-165      2.05711900991e-22   4.76233994802e-25   3.95030909212e-22 
   Dy-166      3.71622941943e-21   2.58694702413e-38   3.99373942373e-26 
   Dy-167      1.55998518261e-36   1.03788789024e-99   3.69310986331e-100
   Dy-168      6.23547303995e-45   1.03788789024e-99   3.69310986331e-100
   Ho-153      1.74786082439e-99   1.03788789024e-99   3.69310986331e-100
   Ho-154      1.74786082439e-99   1.03788789024e-99   3.69310986331e-100
   Ho-155      1.74786082439e-99   1.03788789024e-99   3.69310986331e-100
   Ho-156      1.74786082439e-99   1.03788789024e-99   3.69310986331e-100
   Ho-157      1.74786082439e-99   1.03788789024e-99   3.69310986331e-100
   Ho-158      1.74786082439e-99   1.03788789024e-99   3.69310986331e-100
   Ho-159      1.74786082439e-99   1.03788789024e-99   3.69310986331e-100
   Ho-160      1.74786082439e-99   1.03788789024e-99   3.69310986331e-100
   Ho-161      1.74786082439e-99   1.03788789024e-99   3.69310986331e-100
   Ho-162      1.74786082439e-99   1.03788789024e-99   3.69310986331e-100
   Ho-163      9.81681745788e-12   1.97262008524e-12   9.59644976629e-12 
   Ho-164      2.5729700294e-24    3.60269279997e-27   7.12261925757e-24 
   Ho-165      2.64695468681e-11   1.1598287536e-11    3.50645810129e-11 
   Ho-166      1.57459374299e-16   2.98926064173e-22   5.60985766744e-19 
   Ho-167      7.24907252815e-25   3.6229248662e-32    2.87998900238e-27 
   Ho-168      4.12110056937e-35   6.86219414122e-86   3.7397768601e-100 
   Ho-169      1.61088944668e-41   1.03788789024e-99   3.69310986331e-100
   Er-154      1.74786082439e-99   1.03788789024e-99   3.69310986331e-100
   Er-155      1.74786082439e-99   1.03788789024e-99   3.69310986331e-100
   Er-156      1.74786082439e-99   1.03788789024e-99   3.69310986331e-100
   Er-157      1.74786082439e-99   1.03788789024e-99   3.69310986331e-100
   Er-158      1.74786082439e-99   1.03788789024e-99   3.69310986331e-100
   Er-159      1.74786082439e-99   1.03788789024e-99   3.69310986331e-100
   Er-160      1.74786082439e-99   1.03788789024e-99   3.69310986331e-100
   Er-161      1.74786082439e-99   1.03788789024e-99   3.69310986331e-100
   Er-162      2.79050133175e-14   1.62163663799e-14   1.08587752286e-14 
   Er-163      1.21641743243e-29   5.17994070922e-29   5.2749840245e-29  
   Er-164      1.16629194192e-11   3.67512984206e-12   1.56348129209e-11 
   Er-165      1.67251211347e-19   9.46300356678e-24   1.19829316469e-20 
   Er-166      4.02907262507e-11   1.64060740048e-11   6.3186586632e-11  
   Er-167      1.92018605444e-11   8.29392495751e-12   2.73213221901e-11 
   Er-168      6.44605998642e-11   2.69464379175e-11   1.1188629152e-10  
   Er-169      3.73260192921e-16   7.78814783542e-22   1.10744795815e-18 
   Er-170      2.37157286431e-11   7.22347702556e-12   1.06383012485e-11 
   Er-171      6.35375589002e-21   5.36832150968e-25   5.68311691742e-22 
   Er-172      9.29433940396e-22   3.1183638075e-41    2.39172432938e-27 
   Er-173      7.99331865996e-37   1.03788789024e-99   3.69310986331e-100
   Er-174      6.53634653374e-46   1.03788789024e-99   3.69310986331e-100
   Er-175      1.74786082439e-99   1.03788789024e-99   3.69310986331e-100
   Tm-159      1.74786082439e-99   1.03788789024e-99   3.69310986331e-100
   Tm-160      1.74786082439e-99   1.03788789024e-99   3.69310986331e-100
   Tm-161      1.74786082439e-99   1.03788789024e-99   3.69310986331e-100
   Tm-162      1.74786082439e-99   1.03788789024e-99   3.69310986331e-100
   Tm-163      1.74786082439e-99   1.03788789024e-99   3.69310986331e-100
   Tm-164      1.74786082439e-99   1.03788789024e-99   3.69310986331e-100
   Tm-165      1.74786082439e-99   1.03788789024e-99   3.69310986331e-100
   Tm-166      1.74786082439e-99   1.03788789024e-99   3.69310986331e-100
   Tm-167      1.74786082439e-99   1.03788789024e-99   3.69310986331e-100
   Tm-168      1.74786082439e-99   1.03788789024e-99   3.69310986331e-100
   Tm-169      1.44069994404e-11   6.40635218664e-12   2.16303457807e-11 
   Tm-170      1.85683710443e-15   6.8167583794e-20    8.25094576077e-17 
   Tm-171      3.01220472568e-15   2.74614759085e-20   2.02736216304e-17 
   Tm-172      4.10700373684e-20   3.30769663646e-28   1.87151133483e-24 
   Tm-173      4.77674416611e-26   2.11792348077e-48   5.61046350571e-29 
   Tm-174      1.19969627438e-39   1.03788789024e-99   3.69310986331e-100
   Tm-175      2.2206127183e-45    1.03788789024e-99   3.69310986331e-100
   Tm-176      1.74786082439e-99   1.03788789024e-99   3.69310986331e-100
   Yb-160      1.74786082439e-99   1.03788789024e-99   3.69310986331e-100
   Yb-161      1.74786082439e-99   1.03788789024e-99   3.69310986331e-100
   Yb-162      1.74786082439e-99   1.03788789024e-99   3.69310986331e-100
   Yb-163      1.74786082439e-99   1.03788789024e-99   3.69310986331e-100
   Yb-164      1.74786082439e-99   1.03788789024e-99   3.69310986331e-100
   Yb-165      1.74786082439e-99   1.03788789024e-99   3.69310986331e-100
   Yb-166      1.74786082439e-99   1.03788789024e-99   3.69310986331e-100
   Yb-167      1.74786082439e-99   1.03788789024e-99   3.69310986331e-100
   Yb-168      2.74599428851e-14   1.595816851e-14     1.06886173559e-14 
   Yb-169      3.02936949559e-24   2.61648752179e-25   6.59566325213e-25 
   Yb-170      1.86726974957e-11   7.86726217658e-12   4.01007068369e-11 
   Yb-171      2.52670837129e-11   1.0288341507e-11    3.59408996437e-11 
   Yb-172      6.67967462314e-11   2.6602151158e-11    1.11422640458e-10 
   Yb-173      3.31519667159e-11   1.34916342239e-11   5.24774630215e-11 
   Yb-174      1.44845961897e-10   5.90523619705e-11   2.47011738399e-10 
   Yb-175      9.92077817395e-17   1.54202880169e-22   6.43378363392e-19 
   Yb-176      5.17139963422e-11   2.42039769934e-11   1.1212825461e-10  
   Yb-177      4.50893795084e-23   1.17681345325e-25   1.21594598071e-22 
   Yb-178      3.32622759305e-29   9.69537699011e-58   1.01918709162e-30 
   Yb-179      2.22753605909e-39   1.03788789024e-99   3.69310986331e-100
   Yb-180      1.74786082439e-99   1.03788789024e-99   3.69310986331e-100
   Lu-165      1.74786082439e-99   1.03788789024e-99   3.69310986331e-100
   Lu-166      1.74786082439e-99   1.03788789024e-99   3.69310986331e-100
   Lu-167      1.74786082439e-99   1.03788789024e-99   3.69310986331e-100
   Lu-168      1.74786082439e-99   1.03788789024e-99   3.69310986331e-100
   Lu-169      1.74786082439e-99   1.03788789024e-99   3.69310986331e-100
   Lu-170      1.74786082439e-99   1.03788789024e-99   3.69310986331e-100
   Lu-171      1.74786082439e-99   1.03788789024e-99   3.69310986331e-100
   Lu-172      1.74786082439e-99   1.03788789024e-99   3.69310986331e-100
   Lu-173      1.74786082439e-99   1.03788789024e-99   3.69310986331e-100
   Lu-174      1.74786082439e-99   1.03788789024e-99   3.69310986331e-100
   Lu-175      2.19290655374e-11   9.38962948583e-12   3.37898430046e-11 
   Lu-176      8.47851565574e-12   3.45677860268e-12   1.24627777185e-11 
   Lu-177      2.36739633646e-16   2.42624938428e-22   7.06403336396e-19 
   Lu-178      1.93082681041e-28   7.35802356346e-38   7.19982504009e-30 
   Lu-179      1.02021551962e-29   2.88117532945e-85   3.78838048013e-100
   Lu-180      2.63681920207e-41   1.03788789024e-99   3.69310986331e-100
   Lu-181      8.01001128141e-50   1.03788789024e-99   3.69310986331e-100
   Lu-182      1.74786082439e-99   1.03788789024e-99   3.69310986331e-100
   Hf-166      1.74786082439e-99   1.03788789024e-99   3.69310986331e-100
   Hf-167      1.74786082439e-99   1.03788789024e-99   3.69310986331e-100
   Hf-168      1.74786082439e-99   1.03788789024e-99   3.69310986331e-100
   Hf-169      1.74786082439e-99   1.03788789024e-99   3.69310986331e-100
   Hf-170      1.74786082439e-99   1.03788789024e-99   3.69310986331e-100
   Hf-171      1.74786082439e-99   1.03788789024e-99   3.69310986331e-100
   Hf-172      1.74786082439e-99   1.03788789024e-99   3.69310986331e-100
   Hf-173      1.74786082439e-99   1.03788789024e-99   3.69310986331e-100
   Hf-174      2.1355592781e-14    1.24114626048e-14   8.31666195431e-15 
   Hf-175      2.36717631607e-24   9.40851189759e-25   2.14558903874e-24 
   Hf-176      6.86585913889e-12   2.93146336075e-12   1.56685115704e-11 
   Hf-177      1.90054979029e-11   8.37919499906e-12   3.08487277242e-11 
   Hf-178      7.99298740042e-11   3.33968296953e-11   1.33320406126e-10 
   Hf-179      2.84893695445e-11   1.18789771966e-11   4.54701198339e-11 
   Hf-180      1.57664306133e-10   6.35287371407e-11   2.67055301722e-10 
   Hf-181      1.24708776498e-15   6.0431356121e-21    2.57750830547e-18 
   Hf-182      6.29884472071e-12   1.93054561956e-12   1.42542636375e-12 
   Hf-183      8.70789468941e-25   4.84030683577e-29   2.08925084964e-26 
   Hf-184      1.76156604422e-28   9.07266506696e-81   4.35116136958e-43 
   Hf-185      9.19957872532e-41   1.03788789024e-99   3.69310986331e-100
   Ta-169      1.74786082439e-99   1.03788789024e-99   3.69310986331e-100
   Ta-170      1.74786082439e-99   1.03788789024e-99   3.69310986331e-100
   Ta-171      1.74786082439e-99   1.03788789024e-99   3.69310986331e-100
   Ta-172      1.74786082439e-99   1.03788789024e-99   3.69310986331e-100
   Ta-173      1.74786082439e-99   1.03788789024e-99   3.69310986331e-100
   Ta-174      1.74786082439e-99   1.03788789024e-99   3.69310986331e-100
   Ta-175      1.74786082439e-99   1.03788789024e-99   3.69310986331e-100
   Ta-176      1.74786082439e-99   1.03788789024e-99   3.69310986331e-100
   Ta-177      1.74786082439e-99   1.03788789024e-99   3.69310986331e-100
   Ta-178      1.74786082439e-99   1.03788789024e-99   3.69310986331e-100
   Ta-179      2.1487575474e-15    4.21710578093e-21   2.67299639905e-17 
   Ta-180      4.51168758267e-16   2.51062524252e-16   1.66921342454e-16 
   Ta-181      3.4364218219e-11    1.4320968175e-11    5.25063361721e-11 
   Ta-182      2.29369064697e-15   2.71222931738e-19   1.8075038867e-17  
   Ta-183      9.02141747859e-18   1.57340771677e-24   3.37015747641e-22 
   Ta-184      1.54198005725e-24   2.96989627769e-64   2.50101255385e-30 
   Ta-185      1.16916388327e-33   1.03788789024e-99   3.69310986331e-100
   Ta-186      1.75642449274e-42   1.03788789024e-99   3.69310986331e-100
   W-172       1.74786082439e-99   1.03788789024e-99   3.69310986331e-100
   W-173       1.74786082439e-99   1.03788789024e-99   3.69310986331e-100
   W-174       1.74786082439e-99   1.03788789024e-99   3.69310986331e-100
   W-175       1.74786082439e-99   1.03788789024e-99   3.69310986331e-100
   W-176       1.74786082439e-99   1.03788789024e-99   3.69310986331e-100
   W-177       1.74786082439e-99   1.03788789024e-99   3.69310986331e-100
   W-178       1.74786082439e-99   1.03788789024e-99   3.69310986331e-100
   W-179       1.74786082439e-99   1.03788789024e-99   3.69310986331e-100
   W-180       2.33412362501e-14   9.72778899537e-15   1.23971979264e-14 
   W-181       2.07086302972e-18   7.59719201975e-24   8.05884067468e-21 
   W-182       6.93833850975e-11   2.9233172847e-11    1.35530052007e-10 
   W-183       4.16304758808e-11   1.75767419335e-11   7.28315880301e-11 
   W-184       1.10181731673e-10   4.52948386961e-11   1.74459022162e-10 
   W-185       1.89589765825e-15   3.12005685034e-20   3.63173935828e-17 
   W-186       4.61037390713e-11   1.45920432155e-11   2.64394252379e-11 
   W-187       1.25373842666e-18   6.02909768321e-24   1.87178102842e-20 
   W-188       3.15471449541e-19   1.54359282399e-28   4.92301522609e-25 
   W-189       1.52748813303e-34   1.03790585454e-99   3.69345477954e-100
   W-190       5.8994784801e-43    1.03788789024e-99   3.69310986331e-100
   Re-175      1.74786082439e-99   1.03788789024e-99   3.69310986331e-100
   Re-176      1.74786082439e-99   1.03788789024e-99   3.69310986331e-100
   Re-177      1.74786082439e-99   1.03788789024e-99   3.69310986331e-100
   Re-178      1.74786082439e-99   1.03788789024e-99   3.69310986331e-100
   Re-179      1.74786082439e-99   1.03788789024e-99   3.69310986331e-100
   Re-180      1.74786082439e-99   1.03788789024e-99   3.69310986331e-100
   Re-181      1.74786082439e-99   1.03788789024e-99   3.69310986331e-100
   Re-182      1.74786082439e-99   1.03788789024e-99   3.69310986331e-100
   Re-183      1.74786082439e-99   1.03788789024e-99   3.69310986331e-100
   Re-184      1.74786082439e-99   1.03788789024e-99   3.69310986331e-100
   Re-185      2.32817200346e-11   9.48731646334e-12   3.23795854825e-11 
   Re-186      1.3138077628e-16    1.36414687122e-22   6.90817215658e-19 
   Re-187      1.34460794139e-11   5.0894493817e-12    9.19205630072e-12 
   Re-188      3.54793273881e-19   4.91832592833e-24   1.76840808761e-20 
   Re-189      1.19315960634e-21   1.1766148219e-38    2.44233756608e-26 
   Re-190      1.69699419847e-29   1.4329812997e-84    3.86979858729e-100
   Re-191      9.96618623525e-40   1.03788789024e-99   3.69310986331e-100
   Os-179      1.74786082439e-99   1.03788789024e-99   3.69310986331e-100
   Os-180      1.74786082439e-99   1.03788789024e-99   3.69310986331e-100
   Os-181      1.74786082439e-99   1.03788789024e-99   3.69310986331e-100
   Os-182      1.74786082439e-99   1.03788789024e-99   3.69310986331e-100
   Os-183      1.74786082439e-99   1.03788789024e-99   3.69310986331e-100
   Os-184      1.23291134664e-14   7.16763899755e-15   4.8101241159e-15  
   Os-185      1.17333907542e-24   2.04642765846e-24   4.80433392796e-24 
   Os-186      4.47573738118e-11   1.8009130157e-11    8.04891505171e-11 
   Os-187      1.41415253441e-11   5.64769547539e-12   2.37590508362e-11 
   Os-188      1.0175376572e-10    3.79995682985e-11   1.39335858693e-10 
   Os-189      2.94948016773e-11   1.2802539153e-11    3.13682522199e-11 
   Os-190      1.13768694945e-10   4.4979886785e-11    1.49577175096e-10 
   Os-191      5.90319633077e-16   1.42140090045e-21   1.33322769516e-18 
   Os-192      6.53253004995e-11   2.6642520552e-11    3.20629719166e-11 
   Os-193      2.12794269655e-18   2.13408420252e-23   1.68610054418e-20 
   Os-194      3.35933756402e-14   1.40437442904e-21   1.6519633068e-22  
   Os-195      1.1240655606e-30    1.33488865521e-85   3.76013362386e-100
   Os-196      1.5386524635e-43    1.03788789024e-99   3.69310986331e-100
   Ir-181      1.74786082439e-99   1.03788789024e-99   3.69310986331e-100
   Ir-182      1.74786082439e-99   1.03788789024e-99   3.69310986331e-100
   Ir-183      1.74786082439e-99   1.03788789024e-99   3.69310986331e-100
   Ir-184      1.74786082439e-99   1.03788789024e-99   3.69310986331e-100
   Ir-185      1.74786082439e-99   1.03788789024e-99   3.69310986331e-100
   Ir-186      1.74786082439e-99   1.03788789024e-99   3.69310986331e-100
   Ir-187      1.74786082439e-99   1.03788789024e-99   3.69310986331e-100
   Ir-188      1.74786082439e-99   1.03788789024e-99   3.69310986331e-100
   Ir-189      1.74786082439e-99   1.03788789024e-99   3.69310986331e-100
   Ir-190      1.74786082439e-99   1.03788789024e-99   3.69310986331e-100
   Ir-191      4.04287229723e-11   1.98461294668e-11   3.38823870406e-11 
   Ir-192      2.13426270931e-15   4.18246051974e-20   3.3732801986e-17  
   Ir-193      5.6466646883e-11    3.08365612209e-11   4.6349571964e-11  
   Ir-194      1.35509861776e-17   6.87323774273e-23   7.52819347512e-20 
   Ir-195      2.25057204854e-26   2.64710242208e-35   2.00678678424e-28 
   Ir-196      1.37058789679e-32   1.03788789024e-99   3.69344973845e-100
   Ir-197      5.64285722511e-41   1.03788789024e-99   3.69310986331e-100
   Pt-184      1.74786082439e-99   1.03788789024e-99   3.69310986331e-100
   Pt-185      1.74786082439e-99   1.03788789024e-99   3.69310986331e-100
   Pt-186      1.74786082439e-99   1.03788789024e-99   3.69310986331e-100
   Pt-187      1.74786082439e-99   1.03788789024e-99   3.69310986331e-100
   Pt-188      1.74786082439e-99   1.03788789024e-99   3.69310986331e-100
   Pt-189      1.74786082439e-99   1.03788789024e-99   3.69310986331e-100
   Pt-190      1.74914928139e-14   1.01708168433e-14   6.83119838673e-15 
   Pt-191      1.50535934366e-25   2.77742846843e-26   1.24868214125e-25 
   Pt-192      2.757351422e-11     1.04144221192e-11   5.09123834814e-11 
   Pt-193      6.11121845544e-12   5.74710666653e-14   8.9776782412e-14  
   Pt-194      1.19513000596e-10   5.20436708976e-11   1.30315943358e-10 
   Pt-195      7.56438363352e-11   3.71783464863e-11   6.41599570724e-11 
   Pt-196      1.73750446672e-10   7.342825096e-11     2.29517190898e-10 
   Pt-197      1.33399976471e-18   9.17376739261e-23   8.00576525308e-20 
   Pt-198      1.74807404278e-11   7.05772078235e-12   5.28483968938e-12 
   Pt-199      9.42724216128e-26   5.50391566628e-28   5.08530544264e-26 
   Pt-200      2.60238258551e-26   7.08389696283e-59   1.67483980666e-30 
   Pt-201      5.66540457379e-42   1.03788789024e-99   3.69310986331e-100
   Pt-202      1.74786082439e-99   1.03788789024e-99   3.69310986331e-100
   Au-185      1.74786082439e-99   1.03788789024e-99   3.69310986331e-100
   Au-186      1.74786082439e-99   1.03788789024e-99   3.69310986331e-100
   Au-187      1.74786082439e-99   1.03788789024e-99   3.69310986331e-100
   Au-188      1.74786082439e-99   1.03788789024e-99   3.69310986331e-100
   Au-189      1.74786082439e-99   1.03788789024e-99   3.69310986331e-100
   Au-190      1.74786082439e-99   1.03788789024e-99   3.69310986331e-100
   Au-191      1.74786082439e-99   1.03788789024e-99   3.69310986331e-100
   Au-192      1.74786082439e-99   1.03788789024e-99   3.69310986331e-100
   Au-193      1.74786082439e-99   1.03788789024e-99   3.69310986331e-100
   Au-194      1.74786082439e-99   1.03788789024e-99   3.69310986331e-100
   Au-195      1.70319394549e-19   1.10662660439e-25   4.34883500053e-22 
   Au-196      1.26238811089e-23   4.4708998789e-76    7.91441400899e-29 
   Au-197      6.07826812335e-11   2.72312196216e-11   7.00838614569e-11 
   Au-198      7.18144614293e-17   3.86105084629e-22   5.57231019198e-19 
   Au-199      3.32264669813e-18   1.27123733103e-23   2.34180608572e-21 
   Au-200      2.07919946218e-23   3.42893158767e-57   2.18983603359e-28 
   Au-201      4.46982496419e-36   1.03788789024e-99   3.69310986331e-100
   Au-202      1.43960582462e-47   1.03788789024e-99   3.69310986331e-100
   Au-203      1.74786082439e-99   1.03788789024e-99   3.69310986331e-100
   Hg-189      1.74786082439e-99   1.03788789024e-99   3.69310986331e-100
   Hg-190      1.74786082439e-99   1.03788789024e-99   3.69310986331e-100
   Hg-191      1.74786082439e-99   1.03788789024e-99   3.69310986331e-100
   Hg-192      1.74786082439e-99   1.03788789024e-99   3.69310986331e-100
   Hg-193      1.74786082439e-99   1.03788789024e-99   3.69310986331e-100
   Hg-194      1.74786082439e-99   1.03788789024e-99   3.69310986331e-100
   Hg-195      1.74786082439e-99   1.03788789024e-99   3.69310986331e-100
   Hg-196      5.22143022648e-14   3.04173984017e-14   2.05670333012e-14 
   Hg-197      1.70086145638e-23   6.64158796637e-26   4.36125407939e-25 
   Hg-198      1.37089338911e-10   5.33657354743e-11   2.05774810623e-10 
   Hg-199      6.78390358457e-11   2.66494795689e-11   9.17825150738e-11 
   Hg-200      2.23378595125e-10   8.36145182268e-11   3.18081075374e-10 
   Hg-201      9.89492073584e-11   3.65490566173e-11   1.32518592416e-10 
   Hg-202      4.03474377054e-10   1.52080522679e-10   5.86720005861e-10 
   Hg-203      3.21238464852e-17   2.716718378e-22     5.88292633838e-19 
   Hg-204      1.36443881731e-11   6.15701495134e-12   1.93429969451e-11 
   Hg-205      1.59109516041e-27   1.38750733657e-30   6.14972348554e-27 
   Hg-206      4.99722892609e-37   1.03788789024e-99   3.6711316157e-51  
   Hg-207      1.74786082439e-99   1.03788789024e-99   3.69310986331e-100
   Hg-208      1.74786082439e-99   1.03788789024e-99   3.69310986331e-100
   Tl-192      1.74786082439e-99   1.03788789024e-99   3.69310986331e-100
   Tl-193      1.74786082439e-99   1.03788789024e-99   3.69310986331e-100
   Tl-194      1.74786082439e-99   1.03788789024e-99   3.69310986331e-100
   Tl-195      1.74786082439e-99   1.03788789024e-99   3.69310986331e-100
   Tl-196      1.74786082439e-99   1.03788789024e-99   3.69310986331e-100
   Tl-197      1.74786082439e-99   1.03788789024e-99   3.69310986331e-100
   Tl-198      1.74786082439e-99   1.03788789024e-99   3.69310986331e-100
   Tl-199      1.74786082439e-99   1.03788789024e-99   3.69310986331e-100
   Tl-200      1.74786082439e-99   1.03788789024e-99   3.69310986331e-100
   Tl-201      1.74786082439e-99   1.03788789024e-99   3.69310986331e-100
   Tl-202      1.74786082439e-99   1.03788789024e-99   3.69310986331e-100
   Tl-203      1.87949692454e-10   6.84039165238e-11   2.46942080228e-10 
   Tl-204      8.03274663617e-14   7.41111550373e-19   4.55934609534e-16 
   Tl-205      2.11583633702e-10   1.62810814635e-10   6.54410601565e-10 
   Tl-206      2.63880182557e-26   1.65083529003e-29   1.83881569936e-25 
   Tl-207      2.67632777647e-29   2.35201602549e-34   3.56017028409e-30 
   Tl-208      1.02080265622e-40   1.03788789024e-99   3.69310986331e-100
   Tl-209      1.74786082439e-99   1.03788789024e-99   3.69310986331e-100
   Tl-210      1.74786082439e-99   1.03788789024e-99   3.69310986331e-100
   Pb-193      1.74786082439e-99   1.03788789024e-99   3.69310986331e-100
   Pb-194      1.74786082439e-99   1.03788789024e-99   3.69310986331e-100
   Pb-195      1.74786082439e-99   1.03788789024e-99   3.69310986331e-100
   Pb-196      1.74786082439e-99   1.03788789024e-99   3.69310986331e-100
   Pb-197      1.74786082439e-99   1.03788789024e-99   3.69310986331e-100
   Pb-198      1.74786082439e-99   1.03788789024e-99   3.69310986331e-100
   Pb-199      1.74786082439e-99   1.03788789024e-99   3.69310986331e-100
   Pb-200      1.74786082439e-99   1.03788789024e-99   3.69310986331e-100
   Pb-201      1.74786082439e-99   1.03788789024e-99   3.69310986331e-100
   Pb-202      1.74786082439e-99   1.03788789024e-99   3.69310986331e-100
   Pb-203      1.74786082439e-99   1.03788789024e-99   3.69310986331e-100
   Pb-204      2.50669626906e-10   9.05920479176e-11   3.61210467957e-10 
   Pb-205      1.07534024568e-10   3.01845753861e-12   1.00801446394e-11 
   Pb-208      7.52890466481e-08   6.07483632893e-08   1.72804412057e-08 
   Pb-209      2.56377725855e-22   7.61009681344e-27   1.6077441435e-23  
   Pb-210      5.35955257176e-16   2.34981706048e-18   7.67125614496e-21 
   Pb-211      6.37293707504e-35   1.03788789024e-99   3.69310986331e-100
   Bi-202      1.74786082439e-99   1.03788789024e-99   3.69310986331e-100
   Bi-203      1.74786082439e-99   1.03788789024e-99   3.69310986331e-100
   Bi-204      1.74786082439e-99   1.03788789024e-99   3.69310986331e-100
   Bi-205      1.74786082439e-99   1.03788789024e-99   3.69310986331e-100
   Bi-206      1.74786082439e-99   1.03788789024e-99   3.69310986331e-100
   Bi-207      1.74786082439e-99   1.03788789024e-99   3.69310986331e-100
   Bi-208      1.74786082439e-99   1.03788789024e-99   3.69310986331e-100
   Bi-209      1.55761533991e-09   8.29715742216e-10   1.7084927463e-10  
   Bi-210      4.20767620309e-10   2.84152336025e-10   5.0577211281e-11  
   Al-26m1     3.52108818794e-18   2.84323917162e-19   4.3678500983e-18  
   Kr-85m1     2.59861796226e-21   1.87396058023e-22   2.9031151872e-22  
   Cd-115m1    2.68775885455e-18   1.6657103095e-23    1.91291041787e-20 
   Lu-176m1    1.43291993392e-22   3.0058090178e-25    3.00784943808e-22 
   Ta-180m1    1.0004963838e-23    6.59867828774e-30   1.04654616667e-25 
